19,11.7282,2,5,12914.6
4,-1-1,23,1.45698e-303,0
4,-1-1,23,1.4569e-303,0
4,-1-1,23,3.55906e-307,0
5,-1-1,22,12.4535,71.114
6,-1-1,32,-2.09436,7.898
7,-1-1,42,19.7675,76.888
8,-1-1,31,2.36704,48.556
9,-1-1,13,12.8271,32.414
10,-1-1,14,-0.606897,23.142
11,-1-1,21,18.8991,65.096
12,-1-1,20,-1.03421,25.234
13,-1-1,12,14.7261,21.638
14,-1-1,41,1.99243,10.786
15,-1-1,30,19.1223,65.76
16,-1-1,40,10.8127,4.177
17,-1-1,35,14.0088,30.848
18,-1-1,04,10.2774,11.74
19,-1-1,24,12.2778,41.801
20,-1-1,03,0.703383,5.705
21,-1-1,05,8.75327,28.6
22,-1-1,06,-0.725719,3.988
23,-1-1,01,6.48795,5.71
24,-1-1,15,2.64651,2.641
25,-1-1,10,1.48648,11.215
26,-1-1,25,8.38244,3.951
27,-1-1,50,6.31465,18.202
28,-1-1,46,10.715,11.917
29,-1-1,26,-8.22843,29.872
30,-1-1,45,8.34303,4.394
31,-1-1,36,0.642551,20.509
32,-1-1,54,6.47021,9.4
33,-1-1,57,-6.84629,31.074
34,-1-1,52,-0.735985,6.093
35,-1-1,62,-1.45344,9.783
36,-1-1,51,6.53717,8.078
37,-1-1,53,-3.34589,8.287
38,-1-1,63,4.36101,9.037
39,-1-1,56,-3.08483,20.096
40,-1-1,72,5.15534,13.102
41,-1-1,60,-1.17,8.504
42,-1-1,55,7.92619,3.181
43,-1-1,74,-6,104.609
44,-1-1,47,6,14.195
45,-1-1,27,-6,20.959
46,-1-1,73,6,2.165
47,-1-1,65,-6,1.502
48,-1-1,64,6,0.515
49,-1-1,75,-6,0.164
50,-1-1,76,6,0.088
51,-1-1,66,-6,0.038
52,-1-1,37,6,0.006
53,-1-1,02,-6,0.002
54,-1-1,00,6,0
55,-1-1,16,-6,0.001
56,-1-1,17,6,0
57,-1-1,07,-6,0
58,-1-1,77,6,0
59,-1-1,67,-6,0
60,-1-1,70,6,0
61,-1-1,71,-6,0
62,-1-1,11,6,0
63,-1-1,-1-1,-999,0
63,-1-1,61,-999,0
64,-1-1,-1-1,-999,0
4,-1-1,23,-999,0
5,-1-1,42,2.45014,9.287
6,-1-1,55,13.4597,8.857
7,-1-1,45,5.34528,10.85
8,-1-1,54,9.80972,19.063
9,-1-1,24,9.95474,43.024
10,-1-1,22,11.6803,72.524
11,-1-1,25,4.43492,31.221
12,-1-1,32,7.00112,95.29
13,-1-1,31,-1.62769,83.185
14,-1-1,41,10.334,222.718
4,-1-1,23,1.42302e-306,0.01
4,-1-1,23,2.27742e-305,0.017
4,-1-1,23,7.11615e-306,0.01
4,-1-1,23,2.27641e-305,0
5,-1-1,22,12.4535,23.686
4,-1-1,23,3.75406e-308,0
4,-1-1,23,5.69252e-306,0
4,-1-1,23,3.75107e-308,0
4,-1-1,23,5.83137e-303,0
4,-1-1,23,3.55825e-307,0
5,-1-1,22,12.4535,9357
6,-1-1,32,-2.09436,8.736
4,-1-1,23,8.00975e-303,0
5,-1-1,22,12.4535,7.321
6,-1-1,32,-2.09436,8.538
7,-1-1,42,19.7675,20.278
4,-1-1,23,2.84592e-306,0.011
5,-1-1,22,12.4535,7.119
4,-1-1,23,1.0323e-305,0.011
4,-1-1,23,5.6926e-306,0.012
5,-1-1,24,0.849092,0.015
6,-1-1,15,12.5348,0.018
4,-1-1,23,2.27758e-305,0.017
5,-1-1,22,2.09436,0.015
6,-1-1,32,-5.14005,0.016
7,-1-1,42,-2.316,0.015
8,-1-1,31,-9.14216,0.015
9,-1-1,21,1.1697,0.015
10,-1-1,20,-3.76501,0.015
11,-1-1,25,3.34304,0.017
12,-1-1,52,3.26578,0.014
13,-1-1,41,8.48242,0.017
14,-1-1,51,-3.2247,0.016
4,-1-1,23,5.82875e-303,0.014
4,-1-1,23,1.42369e-306,0.01
4,-1-1,23,4.89317e-307,0.01
4,-1-1,23,3.64446e-304,0.009
4,-1-1,23,3.64339e-304,0.011
4,-1-1,23,-999,0.008
5,00,54,-5.79896,0.15
5,00,54,-5.79896,0.146
4,-1-1,23,-999,0
4,-1-1,23,-999,0
4,-1-1,23,-999,0
4,-1-1,23,-999,0
5961604,-1-1,19756868925961628,6.00045e-307,1.74927e-305
5242188,-1-1,19756868925242212,3.559e-307,1.74927e-305
10747176,-1-1,197568689210747200,1.4233e-305,1.74927e-305
4,1.82804e-322,3,2,0
4,1.72923e-322,4,5,0
4,3.31024e-322,4,5,0
4,1.82804e-322,3,2,0
4,1.72923e-322,3,2,0
4,1.97626e-322,2,3,0
4,8.39912e-323,5,4,0
6,0,2,3,14.332
4,9.88131e-323,2,3,0
6,-1.08533,5,5,0.888
8,4.59364,5,4,0.974
4,3.80431e-322,5,4,0
6,0,2,3,13.807
8,0,2,2,34.543
4,3.0138e-322,5,4,0
6,0,2,3,10.804
8,0,2,2,26.004
4,3.45846e-323,3,2,0
4,1.72923e-322,4,5,0
4,1.03754e-322,3,2,0
4,1.4822e-322,4,5,0
4,1.4822e-322,3,2,0
4,1.18576e-322,3,2,0
4,6.42285e-323,4,5,0
4,6.91692e-323,5,4,0
4,8.39912e-323,5,4,0
4,8.39912e-323,3,2,0
4,3.45846e-323,4,5,0
4,3.45846e-323,2,3,0.001
4,2.47033e-322,5,4,0
4,9.88131e-323,4,5,0
4,9.88131e-323,4,5,0
4,9.88131e-324,3,2,0
4,2.2233e-322,4,5,0
4,1.4822e-322,5,4,0
4,8.39912e-323,4,5,0
6,-1.08927,2,2,313.317
4,9.88131e-323,4,5,0
6,-1.08927,2,2,1.228
4,6.91692e-323,4,5,0
4,1.67982e-322,4,5,0
6,-38.255,2,2,6.548
4,2.96439e-322,5,4,0
4,1.18576e-322,5,4,0
4,2.2233e-322,5,4,0
4,2.2233e-322,5,4,0
4,1.03754e-322,4,5,0
6,-1.08927,2,2,1.081
4,1.4822e-322,3,2,0
6,-1.10048,5,5,32.319
8,4.5925,4,5,48.948
4,2.56914e-322,4,5,0
6,-1.08927,2,2,1.046
4,0,0,0,0.007
4,0,0,0,0.005
4,0,0,0,0.004
4,6.42285e-323,5,4,0
4,0,0,0,0.004
6,-999,-1,-1,0.001
4,0,0,0,0.004
4,0,0,0,0.004
4,0,0,0,0.005
4,0,0,0,0.004
4,1.72923e-322,5,4,0
6,2.54239,2,4,3.013
8,7.33786,2,2,2.415
4,1.77864e-322,2,3,0
6,0.647532,5,4,2.974
8,2.87735,5,5,4.645
4,2.47033e-323,4,5,0
6,-1.08927,2,2,1.061
8,4.59736,3,2,1.17
4,0,0,0,0.004
4,0,3,0,0.005
4,0,5,4,0.003
6,-1.09462,2,2,14.5
4,2.47033e-322,3,2,0
6,-1.10048,5,5,1.038
4,1.72923e-322,5,4,0
4,1.72923e-322,5,4,0
4,1.67982e-322,5,4,0
4,2.51973e-322,4,5,0
4,7.41098e-323,2,3,0
4,6.42285e-323,3,2,0
4,1.4822e-322,4,5,0
4,8.39912e-323,3,2,0
6,-1.10048,5,5,1.656
8,4.5925,4,5,1.54
4,6.42285e-323,3,2,0
6,-1.10048,5,5,1.02
8,4.5925,4,5,0.968
4,6.42285e-323,3,2,0
6,-1.10048,5,5,2.048
8,4.5925,4,5,1.913
10,4.5925,2,2,1.135
12,6.85691,2,3,0.802
14,10.7575,2,5,1.474
16,9.04861,3,6,1.206
4,6.42285e-323,4,5,0
6,-1.08927,2,2,1.045
8,4.59736,3,2,1.2
10,4.59736,5,5,0.664
12,6.82447,5,4,0.469
14,10.7573,5,2,1.018
16,5.67482,5,6,0.895
18,-0.887267,4,7,0.742
4,8.39912e-323,4,5,0
6,-1.08927,2,2,1.049
8,4.59736,3,2,1.155
10,4.59736,5,5,0.675
4,0,5,4,0
6,-999,2,2,0
4,0,5,4,0
6,-999,2,2,0
4,0,5,4,0
4,0,5,4,0
6,-1.09462,2,2,1.107
8,4.59317,2,3,1.163
10,4.59317,5,5,0.651
12,6.85584,4,5,0.521
4,3.0138e-322,5,4,0
6,-1.09462,2,2,1.106
8,4.59317,2,3,1.214
10,4.59317,5,5,0.689
12,6.85584,4,5,0.521
4,0,4,5,0
6,-1.08927,2,2,1.044
8,4.59736,3,2,1.157
10,4.59736,5,5,0.671
12,6.82447,5,4,0.467
14,10.7573,5,2,1.032
4,0,2,3,0
6,-1.08533,5,5,0.858
4,0,4,5,0
6,4.59736,2,2,7.302
8,6.82447,3,2,7.573
4,6.42285e-323,2,3,0
6,4.59364,5,5,6.543
8,6.83843,5,4,7.037
10,6.83843,2,2,4.441
4,0,2,3,0
6,4.59364,5,5,6.566
8,6.83843,5,4,6.881
10,6.83843,2,2,4.445
4,0,3,2,0
6,-1.85255,5,5,5.896
4,0,3,2,0.006
6,-9.95474,4,5,0.007
8,-9.95474,5,5,0.008
10,-4.43492,2,2,0.006
12,1.62769,2,3,0.003
14,-3.54316,1,2,0.005
16,-7.84032,3,1,2.574
4,0,5,4,0
6,4.59317,2,2,7.636
8,6.85584,2,3,8.061
10,6.85584,5,5,5.213
4,0,2,3,0
6,4.59364,5,5,6.935
8,6.83843,5,4,7.215
4,0,2,3,0
6,4.59364,5,5,6.873
8,6.83843,5,4,7.104
10,6.83843,2,2,4.523
4,0,2,3,0
6,4.59364,5,5,7.07
8,6.83843,5,4,7.967
10,6.83843,2,2,4.644
4,0,3,2,0
6,4.5925,5,5,11.129
8,6.85691,4,5,11.083
4,0,5,4,0
6,4.59317,2,2,12.053
8,6.85584,2,3,13.16
4,0,2,3,0
6,4.59364,5,5,6.936
8,6.77875,5,4,6.801
4,0,3,2,0
6,4.5925,5,5,11.287
8,6.77245,4,5,11.359
4,0,5,4,0
6,4.59317,2,2,7.477
8,6.77989,2,3,8.139
4,0,2,3,0
6,4.59364,5,5,6.611
8,6.77875,5,4,6.902
10,6.77875,2,2,4.594
4,0,4,5,0
6,4.59736,2,2,6.517
8,6.76986,3,2,6.615
10,6.76986,5,5,4.052
4,0,2,3,0
6,6.77875,5,4,30.783
8,10.6404,5,5,46.003
4,0,2,3,0
6,6.77875,5,4,29.373
8,10.6404,5,5,36.053
4,0,2,3,0
6,6.77875,5,4,53.007
8,10.6404,5,5,49.652
4,0,2,3,0
6,-1.08533,5,5,0.86
8,4.59364,5,4,0.922
10,4.59364,2,2,0.584
12,6.77875,3,2,0.326
14,10.7598,5,2,0.853
16,3.93075,1,3,0.45
18,7.18231,3,5,0.651
20,15.4346,4,1,0.459
22,18.7783,6,3,1.092
24,22.4705,4,0,0.737
26,7.63016,2,0,0.267
28,-4.85644,1,4,0.4
30,8.68051,0,5,0.256
32,1.00607,1,5,0.289
34,17.8211,2,1,0.328
36,19.6875,6,4,0.395
38,22.0483,2,6,0.24
40,37.4238,3,7,0.188
42,33.8382,1,7,1.105
4,0,5,4,0.077
6,-9.95474,2,3,0.033
8,-9.95474,2,2,0.02
10,-4.43492,5,5,0.017
12,1.62769,4,5,0.015
14,-3.54316,5,6,0.013
16,-3.95698,1,5,1.197
18,-8.18612,4,2,0.657
20,-4.04649,6,3,1.43
22,1.38739,2,5,1.898
24,-5.44365,6,2,2.785
26,-9.51674,7,3,0.87
27,-4.62869,7,2,0.96
28,-8.94806,2,6,0.723
30,-0.81264,3,6,0.362
32,8.51798,5,7,0.476
34,-13.3202,2,0,0.948
36,-10.5246,7,1,0.68
38,-32.52,6,0,0.706
40,-27.6479,3,0,0.195
42,-34.5564,4,0,0.26
44,-44.9947,6,6,0.809
46,-39,7,6,4.374
48,-999,7,5,0
