,1,10,160,5000,0,0
,1,10,160,5000,5868,2049
,1,10,160,5000,5411,3356
,1,10,160,5000,5120,1452
,1,10,160,5000,4750,3565
,1,10,160,5000,4787,1103
,1,10,160,5000,4818,3480
,1,10,160,5000,4670,1143
,1,10,160,5000,4594,3242
,1,10,160,5000,4619,1029
,1,10,160,5000,4660,3229
,1,10,160,5000,4474,1388
,1,10,160,5000,4271,3040
,1,10,160,5000,4470,1129
,1,10,160,5000,4371,3201
,1,10,160,5000,4580,1058
,1,10,160,5000,4569,3735
,1,10,160,5000,4412,1181
,1,10,160,5000,4212,2984
,1,10,160,5000,4272,1265
,1,10,160,5000,4277,2832
,1,10,160,5000,4075,1204
,1,10,160,5000,4048,2765
,1,10,160,5000,3973,1235
,1,10,160,5000,4091,2544
,1,10,160,5000,3982,1354
,1,10,160,5000,3966,2398
,1,10,160,5000,4133,1820
,1,10,160,5000,4160,1790
,1,10,160,5000,4205,1942
,1,10,160,5000,4014,2041
,1,10,160,5000,4488,2331
,1,10,160,5000,4541,2608
,1,10,160,5000,0,0
,1,10,160,5000,5394,1912
,1,10,160,5000,5394,3231
,1,10,160,5000,5010,2462
,1,10,160,5000,4601,2516
,1,10,160,5000,4358,1636
,1,10,160,5000,4197,2100
,1,10,160,5000,4143,1304
,1,10,160,5000,3977,1807
,1,10,160,5000,3852,1587
,1,10,160,5000,3882,1777
,1,10,160,5000,3964,1907
,1,10,160,5000,4013,1122
,1,10,160,5000,4161,2450
,1,10,160,5000,3960,1175
,1,10,160,5000,4209,2778
,1,10,160,5000,3965,1134
,1,10,160,5000,4077,2579
,1,10,160,5000,4136,1223
,1,10,160,5000,4148,2917
,1,10,160,5000,4311,1034
,1,10,160,5000,4249,2885
,1,10,160,5000,4247,1071
,1,10,160,5000,4237,3179
,1,10,160,5000,4037,709
,1,10,160,5000,3522,2496
,1,10,160,5000,3930,1122
,1,10,160,5000,4451,3244
,1,10,160,5000,4722,1103
,1,10,160,5000,4620,3024
,1,10,160,5000,4850,1697
,1,10,160,5000,4996,3370
,1,10,160,5000,4778,1698
,1,10,160,5000,5213,3282
,1,10,160,5000,5375,2087
,1,10,160,5000,5461,3150
,1,10,160,5000,5716,2052
,1,10,160,5000,6141,3601
,1,10,160,5000,6342,2143
,1,10,160,5000,6657,4329
,1,10,160,5000,7437,2568
,1,10,160,5000,7531,4785
,1,10,160,5000,8319,2470
,1,10,160,5000,8525,5860
,1,10,160,5000,9246,2447
,1,10,160,5000,0,0
,1,10,160,5000,0,0
,1,10,160,5000,0,0
,1,10,160,5000,0,0
,1,10,160,5000,0,0
,1,10,160,5000,0,0
,1,10,160,5000,0,0
,1,10,160,5000,0,0
,1,10,160,5000,0,0
,1,10,160,5000,0,0
,1,10,160,5000,0,0
,1,10,160,5000,0,0
,1,10,160,5000,0,0
,1,10,160,5000,0,0
,1,10,160,5000,0,0
,1,10,160,5000,0,0
,1,10,160,5000,0,0
,1,10,160,5000,0,0
,1,10,160,5000,5579,1784
,1,10,160,5000,5359,3132
,1,10,160,5000,5072,2356
,1,10,160,5000,4316,1872
,1,10,160,5000,4371,2104
,1,10,160,5000,4422,1737
,1,10,160,5000,4304,1651
,1,10,160,5000,4123,1660
,1,10,160,5000,4147,2159
,1,10,160,5000,3956,1611
,1,10,160,5000,4096,2086
,1,10,160,5000,4103,1919
,1,10,160,5000,4001,1762
,1,10,160,5000,4027,2028
,1,10,160,5000,3986,2127
,1,10,160,5000,4147,1438
,1,10,160,5000,4180,2194
,1,10,160,5000,4144,1861
,1,10,160,5000,4102,2284
,1,10,160,5000,4190,1732
,1,10,160,5000,4323,2241
,1,10,160,5000,4669,1779
,1,10,160,5000,4790,2785
,1,10,160,5000,4838,1325
,1,10,160,5000,4985,3145
,1,10,160,5000,4859,1284
,1,10,160,5000,4982,3301
,1,10,160,5000,5347,1104
,1,10,160,5000,5773,3914
,1,10,160,5000,5386,1162
,1,10,160,5000,5540,4298
,1,10,160,5000,5447,1268
,1,10,160,5000,5775,4425
,1,10,160,5000,5582,974
,1,10,160,5000,5621,4676
,1,10,160,5000,5823,838
,1,10,160,5000,5577,5023
,1,10,160,5000,5952,619
,1,10,160,5000,6060,5579
,1,10,160,5000,6098,478
,1,10,160,5000,6213,5830
,1,10,160,5000,6707,701
,1,10,160,5000,7158,6463
,1,10,160,5000,7559,696
,1,10,160,5000,0,0
,1,10,160,5000,0,0
,1,10,160,5000,0,0
,1,10,160,5000,0,0
,1,10,160,5000,0,0
,1,10,160,5000,0,0
,1,10,160,5000,0,0
,1,10,160,5000,0,0
,1,10,160,5000,0,0
,1,10,160,5000,0,0
,1,10,160,5000,0,0
,1,10,160,5000,0,0
,1,10,160,5000,0,0
,1,10,160,5000,0,0
,1,10,160,5000,0,0
,1,10,160,5000,0,0
,1,10,160,5000,0,0
,1,10,160,5000,0,0
,1,10,160,5000,5729,1947
,1,10,160,5000,5252,3388
,1,10,160,5000,4916,1536
,1,10,160,5000,4598,3342
,1,10,160,5000,4837,1164
,1,10,160,5000,4546,3491
,1,10,160,5000,4323,977
,1,10,160,5000,3352,2403
,1,10,160,5000,3504,716
,1,10,160,5000,4134,3351
,1,10,160,5000,4516,1031
,1,10,160,5000,4772,3807
,1,10,160,5000,4686,1067
,1,10,160,5000,4666,3344
,1,10,160,5000,4498,1644
,1,10,160,5000,4437,2394
,1,10,160,5000,4573,2780
,1,10,160,5000,4468,1496
,1,10,160,5000,4490,3161
,1,10,160,5000,4544,1036
,1,10,160,5000,4565,3533
,1,10,160,5000,4609,765
,1,10,160,5000,4787,3724
,1,10,160,5000,5038,933
,1,10,160,5000,5354,3887
,1,10,160,5000,4593,607
,1,10,160,5000,3845,3053
,1,10,160,5000,4694,991
,1,10,160,5000,3552,2609
,1,10,160,5000,3802,727
,1,10,160,5000,5484,4274
,1,10,160,5000,6208,617
,1,10,160,5000,6355,5338
,1,10,160,5000,6703,352
,1,10,160,5000,6580,5957
,1,10,160,5000,6798,302
,1,10,160,5000,6704,6262
,1,10,160,5000,7236,281
,1,10,160,5000,7416,7190
,1,10,160,5000,6871,149
,1,10,160,5000,8129,7668
,1,10,160,5000,8050,212
,1,10,160,5000,8592,8077
,1,10,160,5000,8484,929
,1,10,160,5000,0,0
,1,10,160,5000,0,0
,1,10,160,5000,0,0
,1,10,160,5000,0,0
,1,10,160,5000,0,0
,1,10,160,5000,0,0
,1,10,160,5000,0,0
,1,10,160,5000,0,0
,1,10,160,5000,0,0
,1,10,160,5000,0,0
,1,10,160,5000,0,0
,1,10,160,5000,0,0
,1,10,160,5000,0,0
,1,10,160,5000,0,0
,1,10,160,5000,0,0
,1,10,160,5000,0,0
,1,10,160,5000,0,0
,1,10,160,5000,0,0
,1,10,160,5000,0,0
,1,10,160,5000,0,0
,1,10,160,5000,4835,1670
,1,10,160,5000,4424,2301
,1,10,160,5000,3887,1554
,1,10,160,5000,4000,2052
,1,10,160,5000,3556,1550
,1,10,160,5000,4095,2046
,1,10,160,5000,4000,2004
,1,10,160,5000,3878,1712
,1,10,160,5000,3872,1872
,1,10,160,5000,3824,1805
,1,10,160,5000,3796,1870
,1,10,160,5000,3664,1316
,1,10,160,5000,3809,1696
,1,10,160,5000,3658,1588
,1,10,160,5000,3667,1855
,1,10,160,5000,3668,1331
,1,10,160,5000,3682,1589
,1,10,160,5000,3674,1841
,1,10,160,5000,3731,1882
,1,10,160,5000,3762,1733
,1,10,160,5000,3642,1462
,1,10,160,5000,3725,2307
,1,10,160,5000,3806,1306
,1,10,160,5000,3998,2430
,1,10,160,5000,4010,1094
,1,10,160,5000,4164,2722
,1,10,160,5000,4145,1225
,1,10,160,5000,4211,2379
,1,10,160,5000,3522,1353
,1,10,160,5000,3439,1729
,1,10,160,5000,4631,2341
,1,10,160,5000,4806,2551
,1,10,160,5000,4949,2681
,1,10,160,5000,5141,2644
,1,10,160,5000,5522,2870
,1,10,160,5000,5556,2630
,1,10,160,5000,5772,3219
,1,10,160,5000,6102,2691
,1,10,160,5000,6322,3810
,1,10,160,5000,6904,2334
,1,10,160,5000,7211,4893
,1,10,160,5000,7198,1709
,1,10,160,5000,7968,6118
,1,10,160,5000,8512,1535
,1,10,160,5000,0,0
,1,10,160,5000,0,0
,1,10,160,5000,0,0
,1,10,160,5000,0,0
,1,10,160,5000,0,0
,1,10,160,5000,0,0
,1,10,160,5000,0,0
,1,10,160,5000,0,0
,1,10,160,5000,0,0
,1,10,160,5000,0,0
,1,10,160,5000,0,0
,1,10,160,5000,0,0
,1,10,160,5000,0,0
,1,10,160,5000,0,0
,1,10,160,5000,0,0
,1,10,160,5000,0,0
,1,10,160,5000,0,0
,1,10,160,5000,0,0
,1,10,160,5000,5560,1955
,1,10,160,5000,5355,3357
,1,10,160,5000,4404,1285
,1,10,160,5000,4732,3421
,1,10,160,5000,4721,1109
,1,10,160,5000,4477,3374
,1,10,160,5000,4161,1104
,1,10,160,5000,3295,2299
,1,10,160,5000,3522,673
,1,10,160,5000,4322,3363
,1,10,160,5000,4338,1075
,1,10,160,5000,4355,3474
,1,10,160,5000,4206,806
,1,10,160,5000,4326,3612
,1,10,160,5000,4158,895
,1,10,160,5000,4368,3399
,1,10,160,5000,4149,1180
,1,10,160,5000,4082,3078
,1,10,160,5000,4182,1239
,1,10,160,5000,3833,2379
,1,10,160,5000,4296,1216
,1,10,160,5000,4070,2625
,1,10,160,5000,4238,1231
,1,10,160,5000,4043,2511
,1,10,160,5000,4107,1210
,1,10,160,5000,4197,2609
,1,10,160,5000,4234,1614
,1,10,160,5000,4132,2091
,1,10,160,5000,3422,1417
,1,10,160,5000,4197,1910
,1,10,160,5000,4259,2279
,1,10,160,5000,4465,2615
,1,10,160,5000,4692,1812
,1,10,160,5000,4850,2882
,1,10,160,5000,4861,2355
,1,10,160,5000,5418,3168
,1,10,160,5000,5567,2710
,1,10,160,5000,5768,3259
,1,10,160,5000,6131,2914
,1,10,160,5000,6274,3162
,1,10,160,5000,6836,3838
,1,10,160,5000,6782,2534
,1,10,160,5000,7445,4810
,1,10,160,5000,7667,2584
,1,10,160,5000,0,0
,1,10,160,5000,0,0
,1,10,160,5000,0,0
,1,10,160,5000,0,0
,1,10,160,5000,0,0
,1,10,160,5000,0,0
,1,10,160,5000,0,0
,1,10,160,5000,0,0
,1,10,160,5000,0,0
,1,10,160,5000,0,0
,1,10,160,5000,0,0
,1,10,160,5000,0,0
,1,10,160,5000,0,0
,1,10,160,5000,0,0
,1,10,160,5000,0,0
,1,10,160,5000,0,0
,1,10,160,5000,0,0
,1,10,160,5000,0,0
,1,10,160,5000,5488,1200
,1,10,160,5000,5074,3390
,1,10,160,5000,4657,1341
,1,10,160,5000,4262,2996
,1,10,160,5000,4500,892
,1,10,160,5000,4170,2898
,1,10,160,5000,3559,1074
,1,10,160,5000,3585,2895
,1,10,160,5000,3669,806
,1,10,160,5000,3502,2621
,1,10,160,5000,3302,1339
,1,10,160,5000,2624,1834
,1,10,160,5000,2360,918
,1,10,160,5000,3029,2124
,1,10,160,5000,3291,1618
,1,10,160,5000,3657,2701
,1,10,160,5000,3723,1827
,1,10,160,5000,3833,3027
,1,10,160,5000,3556,1313
,1,10,160,5000,3575,2843
,1,10,160,5000,3840,1498
,1,10,160,5000,3855,3062
,1,10,160,5000,3942,1368
,1,10,160,5000,3951,3105
,1,10,160,5000,4117,1460
,1,10,160,5000,4349,3393
,1,10,160,5000,4552,1495
,1,10,160,5000,4458,3475
,1,10,160,5000,4567,1238
,1,10,160,5000,5029,4144
,1,10,160,5000,5319,1278
,1,10,160,5000,5327,4456
,1,10,160,5000,5473,1160
,1,10,160,5000,5368,4310
,1,10,160,5000,5597,980
,1,10,160,5000,5865,4877
,1,10,160,5000,5973,856
,1,10,160,5000,5959,5100
,1,10,160,5000,5977,776
,1,10,160,5000,6179,5501
,1,10,160,5000,6367,107
,1,10,160,5000,6176,5987
,1,10,160,5000,6273,214
,1,10,160,5000,6531,6237
,1,10,160,5000,0,0
,1,10,160,5000,0,0
,1,10,160,5000,0,0
,1,10,160,5000,0,0
,1,10,160,5000,0,0
,1,10,160,5000,0,0
,1,10,160,5000,0,0
,1,10,160,5000,0,0
,1,10,160,5000,0,0
,1,10,160,5000,0,0
,1,10,160,5000,0,0
,1,10,160,5000,0,0
,1,10,160,5000,0,0
,1,10,160,5000,0,0
,1,10,160,5000,0,0
,1,10,160,5000,0,0
,1,10,160,5000,0,0
,1,10,160,5000,0,0
,1,10,160,5000,5511,1409
,1,10,160,5000,5334,3396
,1,10,160,5000,4888,1495
,1,10,160,5000,4312,3046
,1,10,160,5000,4646,933
,1,10,160,5000,4438,3067
,1,10,160,5000,4457,1058
,1,10,160,5000,4382,3599
,1,10,160,5000,4400,926
,1,10,160,5000,4462,3489
,1,10,160,5000,4344,1038
,1,10,160,5000,4390,3829
,1,10,160,5000,4134,943
,1,10,160,5000,4076,3197
,1,10,160,5000,3845,1434
,1,10,160,5000,3901,2858
,1,10,160,5000,4046,1512
,1,10,160,5000,4005,2656
,1,10,160,5000,4015,1739
,1,10,160,5000,4148,2675
,1,10,160,5000,4284,2205
,1,10,160,5000,3825,2152
,1,10,160,5000,4085,2508
,1,10,160,5000,4297,2250
,1,10,160,5000,4438,2840
,1,10,160,5000,4508,2518
,1,10,160,5000,4511,3006
,1,10,160,5000,4516,2254
,1,10,160,5000,4602,2916
,1,10,160,5000,4823,2121
,1,10,160,5000,4845,3102
,1,10,160,5000,5076,2644
,1,10,160,5000,5211,3295
,1,10,160,5000,5455,2436
,1,10,160,5000,5655,3573
,1,10,160,5000,5748,2529
,1,10,160,5000,6146,3670
,1,10,160,5000,6485,2970
,1,10,160,5000,6790,3838
,1,10,160,5000,6833,2437
,1,10,160,5000,7759,4462
,1,10,160,5000,8139,2790
,1,10,160,5000,9056,5871
,1,10,160,5000,9939,3565
,1,10,160,5000,0,0
,1,10,160,5000,0,0
,1,10,160,5000,0,0
,1,10,160,5000,0,0
,1,10,160,5000,0,0
,1,10,160,5000,0,0
,1,10,160,5000,0,0
,1,10,160,5000,0,0
,1,10,160,5000,0,0
,1,10,160,5000,0,0
,1,10,160,5000,0,0
,1,10,160,5000,0,0
,1,10,160,5000,0,0
,1,10,160,5000,0,0
,1,10,160,5000,0,0
,1,10,160,5000,0,0
,1,10,160,5000,0,0
,1,10,160,5000,0,0
,1,10,160,5000,5576,1146
,1,10,160,5000,5120,3570
,1,10,160,5000,4667,1365
,1,10,160,5000,4708,3330
,1,10,160,5000,4704,965
,1,10,160,5000,4288,2973
,1,10,160,5000,4381,1190
,1,10,160,5000,4146,3451
,1,10,160,5000,4237,820
,1,10,160,5000,4307,3318
,1,10,160,5000,4244,1226
,1,10,160,5000,4119,3541
,1,10,160,5000,4075,958
,1,10,160,5000,4108,3424
,1,10,160,5000,3899,1052
,1,10,160,5000,3912,3347
,1,10,160,5000,3902,1025
,1,10,160,5000,3931,3269
,1,10,160,5000,3935,1284
,1,10,160,5000,4261,3655
,1,10,160,5000,4125,1164
,1,10,160,5000,4218,3527
,1,10,160,5000,4539,1593
,1,10,160,5000,4455,3518
,1,10,160,5000,4747,2032
,1,10,160,5000,4833,3481
,1,10,160,5000,5024,2062
,1,10,160,5000,5173,3225
,1,10,160,5000,5152,2257
,1,10,160,5000,5331,3163
,1,10,160,5000,5670,2361
,1,10,160,5000,5787,3438
,1,10,160,5000,6524,2184
,1,10,160,5000,6791,4442
,1,10,160,5000,6948,1723
,1,10,160,5000,6632,5102
,1,10,160,5000,6705,1038
,1,10,160,5000,6296,5181
,1,10,160,5000,6255,1472
,1,10,160,5000,6622,5164
,1,10,160,5000,7192,1370
,1,10,160,5000,7721,6032
,1,10,160,5000,7822,1278
,1,10,160,5000,8642,7141
,1,10,160,5000,0,0
,1,10,160,5000,0,0
,1,10,160,5000,0,0
,1,10,160,5000,0,0
,1,10,160,5000,0,0
,1,10,160,5000,0,0
,1,10,160,5000,0,0
,1,10,160,5000,0,0
,1,10,160,5000,0,0
,1,10,160,5000,0,0
,1,10,160,5000,0,0
,1,10,160,5000,0,0
,1,10,160,5000,0,0
,1,10,160,5000,0,0
,1,10,160,5000,0,0
,1,10,160,5000,0,0
,1,10,160,5000,0,0
,1,10,160,5000,0,0
,1,10,160,5000,0,0
,1,10,160,5000,0,0
,1,10,160,5000,0,0
,1,10,160,5000,0,0
,1,10,160,5000,5612,1007
,1,10,160,5000,5155,3251
,1,10,160,5000,4872,1509
,1,10,160,5000,4866,3201
,1,10,160,5000,4776,1027
,1,10,160,5000,4424,3064
,1,10,160,5000,4357,1079
,1,10,160,5000,4274,3230
,1,10,160,5000,4003,951
,1,10,160,5000,3921,2624
,1,10,160,5000,3852,1471
,1,10,160,5000,3859,2960
,1,10,160,5000,3712,1164
,1,10,160,5000,3590,2196
,1,10,160,5000,3657,1516
,1,10,160,5000,3738,2588
,1,10,160,5000,4086,1759
,1,10,160,5000,4099,2523
,1,10,160,5000,4100,1903
,1,10,160,5000,4263,2598
,1,10,160,5000,4185,1991
,1,10,160,5000,4142,2555
,1,10,160,5000,4135,2229
,1,10,160,5000,4223,2712
,1,10,160,5000,4122,2211
,1,10,160,5000,4392,2569
,1,10,160,5000,4468,2511
,1,10,160,5000,4622,2999
,1,10,160,5000,4819,1931
,1,10,160,5000,4772,3469
,1,10,160,5000,5239,1330
,1,10,160,5000,5632,4707
,1,10,160,5000,5657,1441
,1,10,160,5000,6116,4835
,1,10,160,5000,6002,1742
,1,10,160,5000,5722,4289
,1,10,160,5000,6148,1633
,1,10,160,5000,6656,4675
,1,10,160,5000,7076,2287
,1,10,160,5000,7240,4292
,1,10,160,5000,7310,2479
,1,10,160,5000,7986,4370
,1,10,160,5000,9151,3809
,1,10,160,5000,10386,5219
,1,10,160,5000,0,0
,1,10,160,5000,0,0
,1,10,160,5000,0,0
,1,10,160,5000,0,0
,1,10,160,5000,0,0
,1,10,160,5000,0,0
,1,10,160,5000,0,0
,1,10,160,5000,0,0
,1,10,160,5000,0,0
,1,10,160,5000,0,0
,1,10,160,5000,0,0
,1,10,160,5000,0,0
,1,10,160,5000,0,0
,1,10,160,5000,0,0
,1,10,160,5000,0,0
,1,10,160,5000,0,0
,1,10,160,5000,0,0
,1,10,160,5000,0,0
,1,10,160,5000,5604,1518
,1,10,160,5000,5185,3544
,1,10,160,5000,4818,1382
,1,10,160,5000,4675,3231
,1,10,160,5000,4581,973
,1,10,160,5000,4102,2937
,1,10,160,5000,3744,804
,1,10,160,5000,4198,3198
,1,10,160,5000,4109,1116
,1,10,160,5000,3955,2683
,1,10,160,5000,3817,1602
,1,10,160,5000,3724,2284
,1,10,160,5000,3749,1429
,1,10,160,5000,3814,2373
,1,10,160,5000,3591,1581
,1,10,160,5000,3638,2512
,1,10,160,5000,2912,1416
,1,10,160,5000,3573,1885
,1,10,160,5000,3859,1942
,1,10,160,5000,3869,2221
,1,10,160,5000,3770,2147
,1,10,160,5000,3989,2630
,1,10,160,5000,3537,1818
,1,10,160,5000,4273,2996
,1,10,160,5000,4349,1886
,1,10,160,5000,4431,2961
,1,10,160,5000,4461,2235
,1,10,160,5000,4647,3106
,1,10,160,5000,4528,2134
,1,10,160,5000,4632,2842
,1,10,160,5000,4808,2516
,1,10,160,5000,5285,3392
,1,10,160,5000,4373,2470
,1,10,160,5000,5227,2775
,1,10,160,5000,5453,3451
,1,10,160,5000,6408,3399
,1,10,160,5000,6657,3527
,1,10,160,5000,6633,3211
,1,10,160,5000,7239,3760
,1,10,160,5000,7552,3284
,1,10,160,5000,7872,3968
,1,10,160,5000,7712,3720
,1,10,160,5000,8562,3774
,1,10,160,5000,9014,4875
,1,10,160,5000,0,0
,1,10,160,5000,0,0
,1,10,160,5000,0,0
,1,10,160,5000,0,0
,1,10,160,5000,0,0
,1,10,160,5000,0,0
,1,10,160,5000,0,0
,1,10,160,5000,0,0
,1,10,160,5000,0,0
,1,10,160,5000,0,0
,1,10,160,5000,0,0
,1,10,160,5000,0,0
,1,10,160,5000,0,0
,1,10,160,5000,0,0
,1,10,160,5000,0,0
,1,10,160,5000,0,0
,1,10,160,5000,0,0
,1,10,80,5000,0,0
,1,10,160,5000,5292,1941
,1,10,80,5000,3980,2322
,1,10,160,5000,4189,1603
,1,10,80,5000,3463,1730
,1,10,160,5000,3402,1717
,1,10,80,5000,3991,1718
,1,10,160,5000,4266,2014
,1,10,80,5000,4061,1948
,1,10,160,5000,3930,1342
,1,10,80,5000,3884,1809
,1,10,160,5000,3805,1581
,1,10,80,5000,3827,1921
,1,10,160,5000,3749,1010
,1,10,80,5000,3629,1980
,1,10,160,5000,3681,1701
,1,10,80,5000,3347,1482
,1,10,160,5000,3384,1231
,1,10,80,5000,3499,2073
,1,10,160,5000,3272,1322
,1,10,80,5000,3345,1462
,1,10,160,5000,3181,1307
,1,10,80,5000,3014,1404
,1,10,160,5000,3047,1256
,1,10,80,5000,3694,1592
,1,10,160,5000,3479,1409
,1,10,80,5000,3567,1823
,1,10,160,5000,4079,1846
,1,10,80,5000,4137,1690
,1,10,160,5000,4093,1723
,1,10,80,5000,4078,1700
,1,10,160,5000,4147,2146
,1,10,80,5000,4407,2024
,1,10,160,5000,4099,1812
,1,10,80,5000,4212,1881
,1,10,160,5000,5344,2736
,1,10,80,5000,5512,2655
,1,10,160,5000,4436,1921
,1,10,80,5000,3943,2263
,1,10,160,5000,4205,1708
,1,10,80,5000,5483,3050
,1,10,160,5000,6530,2975
,1,10,80,5000,7188,3687
,1,10,160,5000,7496,2807
,1,10,80,5000,8508,5526
,1,10,160,5000,0,0
,1,10,80,5000,0,0
,1,10,160,5000,0,0
,1,10,80,5000,0,0
,1,10,160,5000,0,0
,1,10,80,5000,0,0
,1,10,160,5000,0,0
,1,10,80,5000,0,0
,1,10,160,5000,0,0
,1,10,80,5000,0,0
,1,10,160,5000,0,0
,1,10,80,5000,0,0
,1,10,160,5000,0,0
,1,10,80,5000,0,0
,1,10,160,5000,0,0
,1,10,80,5000,0,0
,1,10,160,5000,0,0
,1,10,80,5000,0,0
,1,10,160,5000,4952,1771
,1,10,80,5000,4223,2601
,1,10,160,5000,4778,1420
,1,10,80,5000,4638,3339
,1,10,160,5000,4416,1094
,1,10,80,5000,4460,3309
,1,10,160,5000,4127,982
,1,10,80,5000,4012,2519
,1,10,160,5000,4139,1140
,1,10,80,5000,4018,1892
,1,10,160,5000,3906,1277
,1,10,80,5000,3830,2141
,1,10,160,5000,3783,1168
,1,10,80,5000,4101,2306
,1,10,160,5000,3799,1269
,1,10,80,5000,3181,2061
,1,10,160,5000,3958,1154
,1,10,80,5000,3626,2548
,1,10,160,5000,3974,1468
,1,10,80,5000,3778,2128
,1,10,160,5000,3567,1434
,1,10,80,5000,4091,2082
,1,10,160,5000,4112,2355
,1,10,80,5000,3096,1176
,1,10,160,5000,3891,2237
,1,10,80,5000,3994,1587
,1,10,160,5000,4545,2816
,1,10,80,5000,4421,1478
,1,10,160,5000,4967,2890
,1,10,80,5000,5030,1520
,1,10,160,5000,5283,3131
,1,10,80,5000,5432,2173
,1,10,160,5000,5456,3409
,1,10,80,5000,5601,1577
,1,10,160,5000,5904,4017
,1,10,80,5000,5847,1985
,1,10,160,5000,6016,4088
,1,10,80,5000,6109,1981
,1,10,160,5000,6529,4545
,1,10,80,5000,6534,1651
,1,10,160,5000,6521,4934
,1,10,80,5000,7162,1632
,1,10,160,5000,7274,5442
,1,10,80,5000,7929,2206
,1,10,160,5000,0,0
,1,10,80,5000,0,0
,1,10,160,5000,0,0
,1,10,80,5000,0,0
,1,10,160,5000,0,0
,1,10,80,5000,0,0
,1,10,160,5000,0,0
,1,10,80,5000,0,0
,1,10,160,5000,0,0
,1,10,80,5000,0,0
,1,10,160,5000,0,0
,1,10,80,5000,0,0
,1,10,160,5000,0,0
,1,10,80,5000,0,0
,1,10,160,5000,0,0
,1,10,80,5000,0,0
,1,10,160,5000,0,0
,1,10,80,5000,0,0
,1,10,160,5000,5769,2094
,1,10,80,5000,5091,2743
,1,10,160,5000,5085,2462
,1,10,80,5000,4673,3113
,1,10,160,5000,4475,1847
,1,10,80,5000,4432,2112
,1,10,160,5000,4337,1557
,1,10,80,5000,4312,2456
,1,10,160,5000,4102,1472
,1,10,80,5000,4062,2073
,1,10,160,5000,3970,1485
,1,10,80,5000,3962,2330
,1,10,160,5000,4054,1084
,1,10,80,5000,3900,2576
,1,10,160,5000,3803,1057
,1,10,80,5000,3794,2500
,1,10,160,5000,3805,1384
,1,10,80,5000,3853,2452
,1,10,160,5000,3896,1567
,1,10,80,5000,3965,2412
,1,10,160,5000,4017,1491
,1,10,80,5000,4068,2400
,1,10,160,5000,4283,1537
,1,10,80,5000,4245,2222
,1,10,160,5000,4595,1703
,1,10,80,5000,4549,2656
,1,10,160,5000,5067,1759
,1,10,80,5000,5069,2686
,1,10,160,5000,5215,1915
,1,10,80,5000,5107,2801
,1,10,160,5000,5163,2369
,1,10,80,5000,5168,2864
,1,10,160,5000,5374,2059
,1,10,80,5000,5428,3137
,1,10,160,5000,5373,2213
,1,10,80,5000,5736,3429
,1,10,160,5000,6007,2442
,1,10,80,5000,6125,3075
,1,10,160,5000,6199,2822
,1,10,80,5000,6488,3215
,1,10,160,5000,6761,3373
,1,10,80,5000,6914,3073
,1,10,160,5000,7909,3672
,1,10,80,5000,8978,4801
,1,10,160,5000,0,0
,1,10,80,5000,0,0
,1,10,160,5000,0,0
,1,10,80,5000,0,0
,1,10,160,5000,0,0
,1,10,80,5000,0,0
,1,10,160,5000,0,0
,1,10,80,5000,0,0
,1,10,160,5000,0,0
,1,10,80,5000,0,0
,1,10,160,5000,0,0
,1,10,80,5000,0,0
,1,10,160,5000,0,0
,1,10,80,5000,0,0
,1,10,160,5000,0,0
,1,10,80,5000,0,0
,1,10,160,5000,0,0
,1,10,80,5000,0,0
,1,10,160,5000,0,0
,1,10,80,5000,0,0
,1,10,160,5000,0,0
,1,10,80,5000,0,0
,1,10,160,5000,5657,2025
,1,10,80,5000,4980,2698
,1,10,160,5000,5032,2281
,1,10,80,5000,4491,2019
,1,10,160,5000,4240,2067
,1,10,80,5000,4206,1696
,1,10,160,5000,4223,1818
,1,10,80,5000,3925,1878
,1,10,160,5000,4110,1992
,1,10,80,5000,4214,1577
,1,10,160,5000,4255,1784
,1,10,80,5000,4076,1613
,1,10,160,5000,4314,2000
,1,10,80,5000,4090,1533
,1,10,160,5000,4271,1812
,1,10,80,5000,4012,1471
,1,10,160,5000,4218,1764
,1,10,80,5000,4079,1605
,1,10,160,5000,4088,1850
,1,10,80,5000,4006,1752
,1,10,160,5000,4007,1573
,1,10,80,5000,3876,1935
,1,10,160,5000,4278,1400
,1,10,80,5000,4239,2473
,1,10,160,5000,4612,1066
,1,10,80,5000,4393,2917
,1,10,160,5000,4531,1336
,1,10,80,5000,4657,2525
,1,10,160,5000,4863,1622
,1,10,80,5000,4961,2650
,1,10,160,5000,5311,2255
,1,10,80,5000,5278,2871
,1,10,160,5000,5428,2058
,1,10,80,5000,5581,3016
,1,10,160,5000,5798,2227
,1,10,80,5000,6000,3704
,1,10,160,5000,6053,2102
,1,10,80,5000,6138,3945
,1,10,160,5000,6729,2258
,1,10,80,5000,7075,4589
,1,10,160,5000,7807,2157
,1,10,80,5000,8010,5943
,1,10,160,5000,8183,1903
,1,10,80,5000,8692,6803
,1,10,160,5000,0,0
,1,10,80,5000,0,0
,1,10,160,5000,0,0
,1,10,80,5000,0,0
,1,10,160,5000,0,0
,1,10,80,5000,0,0
,1,10,160,5000,0,0
,1,10,80,5000,0,0
,1,10,160,5000,0,0
,1,10,80,5000,0,0
,1,10,160,5000,0,0
,1,10,80,5000,0,0
,1,10,160,5000,0,0
,1,10,80,5000,0,0
,1,10,160,5000,0,0
,1,10,80,5000,0,0
,1,10,160,5000,0,0
,1,10,80,5000,0,0
,1,10,160,5000,5750,2097
,1,10,80,5000,5290,3087
,1,10,160,5000,5026,1596
,1,10,80,5000,5029,3662
,1,10,160,5000,4792,1168
,1,10,80,5000,4683,3618
,1,10,160,5000,4530,973
,1,10,80,5000,4575,3472
,1,10,160,5000,4621,1002
,1,10,80,5000,4491,3205
,1,10,160,5000,4553,1005
,1,10,80,5000,4486,3549
,1,10,160,5000,4465,895
,1,10,80,5000,4424,3609
,1,10,160,5000,4252,711
,1,10,80,5000,4069,3270
,1,10,160,5000,4207,783
,1,10,80,5000,4079,3245
,1,10,160,5000,4270,1039
,1,10,80,5000,4370,2981
,1,10,160,5000,4270,1257
,1,10,80,5000,4269,2683
,1,10,160,5000,4281,1504
,1,10,80,5000,4416,2063
,1,10,160,5000,4615,2255
,1,10,80,5000,4785,1727
,1,10,160,5000,4886,2489
,1,10,80,5000,5130,1667
,1,10,160,5000,5106,2720
,1,10,80,5000,5107,1385
,1,10,160,5000,5312,3231
,1,10,80,5000,5528,1512
,1,10,160,5000,6049,3654
,1,10,80,5000,6227,2126
,1,10,160,5000,6063,3608
,1,10,80,5000,6343,2489
,1,10,160,5000,6356,3686
,1,10,80,5000,6661,2380
,1,10,160,5000,6463,3774
,1,10,80,5000,7045,2376
,1,10,160,5000,7256,4399
,1,10,80,5000,7388,3933
,1,10,160,5000,7361,3520
,1,10,80,5000,8527,5593
,1,10,160,5000,0,0
,1,10,80,5000,0,0
,1,10,160,5000,0,0
,1,10,80,5000,0,0
,1,10,160,5000,0,0
,1,10,80,5000,0,0
,1,10,160,5000,0,0
,1,10,80,5000,0,0
,1,10,160,5000,0,0
,1,10,80,5000,0,0
,1,10,160,5000,0,0
,1,10,80,5000,0,0
,1,10,160,5000,0,0
,1,10,80,5000,0,0
,1,10,160,5000,0,0
,1,10,80,5000,0,0
,1,10,160,5000,0,0
,1,10,160,5000,0,0
,1,10,80,5000,5592,1808
,1,10,160,5000,5471,3240
,1,10,80,5000,4937,1560
,1,10,160,5000,4967,3464
,1,10,80,5000,4949,974
,1,10,160,5000,4622,3105
,1,10,80,5000,4592,1393
,1,10,160,5000,4416,3627
,1,10,80,5000,4379,1215
,1,10,160,5000,4258,3433
,1,10,80,5000,4263,1075
,1,10,160,5000,4177,3687
,1,10,80,5000,3934,992
,1,10,160,5000,3876,3334
,1,10,80,5000,3832,1030
,1,10,160,5000,3858,3336
,1,10,80,5000,3708,1038
,1,10,160,5000,3746,2865
,1,10,80,5000,3924,1686
,1,10,160,5000,3939,2906
,1,10,80,5000,2943,1306
,1,10,160,5000,3129,1914
,1,10,80,5000,2653,1495
,1,10,160,5000,3442,1878
,1,10,80,5000,3932,2214
,1,10,160,5000,4086,2315
,1,10,80,5000,4264,2375
,1,10,160,5000,4393,2549
,1,10,80,5000,4502,2135
,1,10,160,5000,4287,2553
,1,10,80,5000,4263,1856
,1,10,160,5000,4826,3221
,1,10,80,5000,4870,1959
,1,10,160,5000,4915,3083
,1,10,80,5000,5506,2131
,1,10,160,5000,5635,3078
,1,10,80,5000,6145,2303
,1,10,160,5000,6337,3755
,1,10,80,5000,6371,1684
,1,10,160,5000,6540,4181
,1,10,80,5000,6715,1898
,1,10,160,5000,7974,4910
,1,10,80,5000,8028,2191
,1,10,160,5000,8177,5944
,1,10,80,5000,0,0
,1,10,160,5000,0,0
,1,10,80,5000,0,0
,1,10,160,5000,0,0
,1,10,80,5000,0,0
,1,10,160,5000,0,0
,1,10,80,5000,0,0
,1,10,160,5000,0,0
,1,10,80,5000,0,0
,1,10,160,5000,0,0
,1,10,80,5000,0,0
,1,10,160,5000,0,0
,1,10,80,5000,0,0
,1,10,160,5000,0,0
,1,10,80,5000,0,0
,1,10,160,5000,0,0
,1,10,80,5000,0,0
,1,10,160,5000,0,0
,1,10,80,5000,5514,1903
,1,10,160,5000,5333,3456
,1,10,80,5000,4805,1447
,1,10,160,5000,5013,3202
,1,10,80,5000,4811,1024
,1,10,160,5000,4513,3087
,1,10,80,5000,4581,1391
,1,10,160,5000,4437,3597
,1,10,80,5000,4337,1258
,1,10,160,5000,4233,3277
,1,10,80,5000,4220,1972
,1,10,160,5000,4062,3139
,1,10,80,5000,3979,1539
,1,10,160,5000,4033,3169
,1,10,80,5000,3881,1629
,1,10,160,5000,4018,3295
,1,10,80,5000,3929,1172
,1,10,160,5000,3918,3172
,1,10,80,5000,3586,1343
,1,10,160,5000,3818,3097
,1,10,80,5000,3936,1304
,1,10,160,5000,4153,3130
,1,10,80,5000,4062,1805
,1,10,160,5000,3817,2763
,1,10,80,5000,3788,1541
,1,10,160,5000,3482,2299
,1,10,80,5000,3774,1925
,1,10,160,5000,4021,2491
,1,10,80,5000,4398,2332
,1,10,160,5000,4592,2348
,1,10,80,5000,4108,2307
,1,10,160,5000,4588,2526
,1,10,80,5000,4988,3043
,1,10,160,5000,5693,2614
,1,10,80,5000,5599,2835
,1,10,160,5000,5702,2949
,1,10,80,5000,5906,2428
,1,10,160,5000,6841,3515
,1,10,80,5000,6963,2588
,1,10,160,5000,7001,3587
,1,10,80,5000,7429,3315
,1,10,160,5000,7727,3241
,1,10,80,5000,8200,4151
,1,10,160,5000,8800,3426
,1,10,80,5000,0,0
,1,10,160,5000,0,0
,1,10,80,5000,0,0
,1,10,160,5000,0,0
,1,10,80,5000,0,0
,1,10,160,5000,0,0
,1,10,80,5000,0,0
,1,10,160,5000,0,0
,1,10,80,5000,0,0
,1,10,160,5000,0,0
,1,10,80,5000,0,0
,1,10,160,5000,0,0
,1,10,80,5000,0,0
,1,10,160,5000,0,0
,1,10,80,5000,0,0
,1,10,160,5000,0,0
,1,10,80,5000,0,0
,1,10,160,5000,0,0
,1,10,80,5000,5607,2112
,1,10,160,5000,5424,3621
,1,10,80,5000,5001,1553
,1,10,160,5000,5077,3496
,1,10,80,5000,4831,1051
,1,10,160,5000,4529,3072
,1,10,80,5000,3910,1221
,1,10,160,5000,4062,3417
,1,10,80,5000,3637,982
,1,10,160,5000,3712,3065
,1,10,80,5000,3675,1229
,1,10,160,5000,3820,3309
,1,10,80,5000,4048,964
,1,10,160,5000,4068,3455
,1,10,80,5000,4000,1482
,1,10,160,5000,4093,3494
,1,10,80,5000,3914,1207
,1,10,160,5000,4114,3328
,1,10,80,5000,3952,1260
,1,10,160,5000,4123,3089
,1,10,80,5000,4004,1650
,1,10,160,5000,4259,2614
,1,10,80,5000,4388,2302
,1,10,160,5000,4502,2809
,1,10,80,5000,4598,2268
,1,10,160,5000,4653,2837
,1,10,80,5000,4727,2368
,1,10,160,5000,4941,3118
,1,10,80,5000,4861,2005
,1,10,160,5000,4910,3157
,1,10,80,5000,5195,2147
,1,10,160,5000,5418,3721
,1,10,80,5000,5712,2296
,1,10,160,5000,5994,3793
,1,10,80,5000,6344,2533
,1,10,160,5000,6660,4126
,1,10,80,5000,6930,2514
,1,10,160,5000,7331,4394
,1,10,80,5000,7334,2782
,1,10,160,5000,7584,4439
,1,10,80,5000,7699,3033
,1,10,160,5000,8208,4510
,1,10,80,5000,8889,3572
,1,10,160,5000,9644,5097
,1,10,80,5000,0,0
,1,10,160,5000,0,0
,1,10,80,5000,0,0
,1,10,160,5000,0,0
,1,10,80,5000,0,0
,1,10,160,5000,0,0
,1,10,80,5000,0,0
,1,10,160,5000,0,0
,1,10,80,5000,0,0
,1,10,160,5000,0,0
,1,10,80,5000,0,0
,1,10,160,5000,0,0
,1,10,80,5000,0,0
,1,10,160,5000,0,0
,1,10,80,5000,0,0
,1,10,160,5000,0,0
,1,10,80,5000,0,0
,1,10,160,5000,0,0
,1,10,80,5000,5384,1707
,1,10,160,5000,5453,3232
,1,10,80,5000,4972,1506
,1,10,160,5000,5026,3551
,1,10,80,5000,4947,919
,1,10,160,5000,4592,3155
,1,10,80,5000,4654,1517
,1,10,160,5000,4440,3622
,1,10,80,5000,3918,1303
,1,10,160,5000,4064,2775
,1,10,80,5000,3758,1405
,1,10,160,5000,3724,2840
,1,10,80,5000,3596,1100
,1,10,160,5000,3805,2822
,1,10,80,5000,3469,1684
,1,10,160,5000,3623,2874
,1,10,80,5000,3862,1421
,1,10,160,5000,3822,2765
,1,10,80,5000,3785,1566
,1,10,160,5000,4085,3163
,1,10,80,5000,3899,1477
,1,10,160,5000,4011,2776
,1,10,80,5000,4219,1911
,1,10,160,5000,4175,2832
,1,10,80,5000,4213,2131
,1,10,160,5000,4282,2260
,1,10,80,5000,4509,2513
,1,10,160,5000,4703,2427
,1,10,80,5000,4639,2943
,1,10,160,5000,4817,2262
,1,10,80,5000,5185,3533
,1,10,160,5000,5396,2505
,1,10,80,5000,5282,3622
,1,10,160,5000,5645,2162
,1,10,80,5000,5820,3837
,1,10,160,5000,6254,2101
,1,10,80,5000,6602,4246
,1,10,160,5000,6958,1831
,1,10,80,5000,7306,5196
,1,10,160,5000,7410,1371
,1,10,80,5000,8185,5887
,1,10,160,5000,8372,1896
,1,10,80,5000,8932,6204
,1,10,160,5000,9488,2145
,1,10,80,5000,0,0
,1,10,160,5000,0,0
,1,10,80,5000,0,0
,1,10,160,5000,0,0
,1,10,80,5000,0,0
,1,10,160,5000,0,0
,1,10,80,5000,0,0
,1,10,160,5000,0,0
,1,10,80,5000,0,0
,1,10,160,5000,0,0
,1,10,80,5000,0,0
,1,10,160,5000,0,0
,1,10,80,5000,0,0
,1,10,160,5000,0,0
,1,10,80,5000,0,0
,1,10,160,5000,0,0
,1,10,80,5000,0,0
,1,10,160,5000,0,0
,1,10,80,5000,0,0
,1,10,160,5000,0,0
,1,10,80,5000,5536,1843
,1,10,160,5000,5107,3229
,1,10,80,5000,5074,1539
,1,10,160,5000,4878,3352
,1,10,80,5000,4957,926
,1,10,160,5000,4633,3328
,1,10,80,5000,4586,1418
,1,10,160,5000,4441,3639
,1,10,80,5000,4368,1370
,1,10,160,5000,4207,3408
,1,10,80,5000,4306,1459
,1,10,160,5000,4123,3372
,1,10,80,5000,4251,1148
,1,10,160,5000,3983,3154
,1,10,80,5000,4097,1309
,1,10,160,5000,3999,3354
,1,10,80,5000,4107,1108
,1,10,160,5000,4195,3373
,1,10,80,5000,4306,1087
,1,10,160,5000,4192,3648
,1,10,80,5000,4263,1010
,1,10,160,5000,4284,3561
,1,10,80,5000,4207,1196
,1,10,160,5000,4170,3461
,1,10,80,5000,4514,1121
,1,10,160,5000,4723,3741
,1,10,80,5000,4801,1269
,1,10,160,5000,4932,3809
,1,10,80,5000,4734,1629
,1,10,160,5000,4766,3340
,1,10,80,5000,4674,1917
,1,10,160,5000,4470,2899
,1,10,80,5000,5025,2242
,1,10,160,5000,5244,3075
,1,10,80,5000,4942,2059
,1,10,160,5000,5410,3129
,1,10,80,5000,5673,1975
,1,10,160,5000,6022,3516
,1,10,80,5000,6151,2455
,1,10,160,5000,6231,3239
,1,10,80,5000,7176,2945
,1,10,160,5000,7483,3660
,1,10,80,5000,7921,3193
,1,10,160,5000,8434,4922
,1,10,80,5000,0,0
,1,10,160,5000,0,0
,1,10,80,5000,0,0
,1,10,160,5000,0,0
,1,10,80,5000,0,0
,1,10,160,5000,0,0
,1,10,80,5000,0,0
,1,10,160,5000,0,0
,1,10,80,5000,0,0
,1,10,160,5000,0,0
,1,10,80,5000,0,0
,1,10,160,5000,0,0
,1,10,80,5000,0,0
,1,10,160,5000,0,0
,1,10,80,5000,0,0
,1,10,160,5000,0,0
,1,10,80,5000,0,0
,1,20,60,5000,0,0
,1,20,100,5000,2575,1011
,1,20,60,5000,2496,1486
,1,20,100,5000,2416,985
,1,20,60,5000,2419,1298
,1,20,100,5000,2380,826
,1,20,60,5000,2313,1581
,1,20,100,5000,2333,835
,1,20,60,5000,2251,1500
,1,20,100,5000,2281,835
,1,20,60,5000,2357,1681
,1,20,100,5000,2372,710
,3,20,60,5000,0,0
,3,20,100,5000,45297,24067
,3,20,60,5000,45990,21684
,3,20,100,5000,46557,24007
,3,20,60,5000,48576,23520
,3,20,100,5000,49158,25014
,3,20,60,5000,50273,24240
,3,20,100,5000,49954,25303
,3,20,60,5000,50794,24405
,3,20,100,5000,51538,26352
,3,70,60,5000,0,0
,3,70,100,5000,44672,23517
,1,70,60,5000,0,0
,1,70,100,5000,1038,482
,1,70,60,5000,1051,543
,1,10,200,10000,0,0
,1,10,200,10000,11295,3921
,1,10,200,10000,10489,7544
,1,10,200,1000,984,404
,1,10,200,1000,995,608
,1,10,200,1000,1053,90
,1,10,200,1000,940,534
,1,10,200,1000,837,43
,1,10,200,1000,898,607
,1,10,200,1000,872,18
,1,10,200,1000,867,483
,1,10,200,1000,817,50
,1,10,200,1000,866,629
,1,10,200,1000,804,36
,1,10,200,1000,722,418
,1,10,200,1000,813,78
,1,10,200,1000,875,622
,1,10,200,1000,752,44
,1,10,200,1000,794,645
,1,10,200,1000,893,71
,1,10,200,1000,847,636
,1,10,200,1000,834,57
,1,10,200,1000,876,639
,1,10,200,1000,957,176
,1,10,200,1000,941,633
,1,10,200,1000,957,166
,1,10,200,1000,1086,809
,1,10,200,1000,1089,103
,1,10,200,1000,1138,1005
,1,10,200,1000,1139,156
,1,10,200,1000,1249,998
,1,10,200,1000,1222,230
,1,10,200,1000,971,749
,1,10,200,1000,845,119
,1,10,200,1000,1233,888
,1,10,200,1000,1114,249
,1,10,200,1000,1239,889
,1,10,200,1000,1310,303
,1,10,200,1000,1281,865
,1,10,200,1000,1244,360
,1,10,200,1000,1435,887
,1,10,200,1000,1320,581
,1,10,200,1000,1531,803
,1,10,200,1000,1576,839
,1,10,200,1000,0,0
,1,10,200,1000,0,0
,1,10,200,1000,0,0
,1,10,200,1000,0,0
,1,10,200,1000,0,0
,1,10,200,1000,0,0
,1,10,200,1000,0,0
,1,10,200,1000,0,0
,1,10,200,1000,0,0
,1,10,200,1000,0,0
,1,10,200,1000,0,0
,1,10,200,1000,0,0
,1,10,200,1000,0,0
,1,10,200,1000,0,0
,1,10,200,1000,0,0
,1,10,200,1000,0,0
,1,10,200,1000,0,0
,1,10,200,1000,0,0
,1,10,200,1000,0,0
,1,10,200,1000,0,0
,1,10,200,1000,0,0
,1,10,200,1000,0,0
,1,10,200,1000,0,0
,1,10,200,1000,0,0
,1,10,200,1000,0,0
,1,10,200,1000,0,0
,1,10,200,1000,0,0
,1,10,200,1000,0,0
,1,10,200,1000,0,0
,1,10,200,1000,0,0
,1,10,200,1000,0,0
,1,10,200,1000,0,0
,1,10,200,1000,0,0
,1,10,200,1000,0,0
,1,10,200,1000,0,0
,1,10,200,1000,0,0
,1,10,200,1000,0,0
,1,10,200,1000,0,0
,1,10,200,1000,0,0
,1,10,200,1000,0,0
,1,10,200,1000,0,0
,1,10,200,1000,0,0
,1,10,200,1000,0,0
,1,10,200,1000,0,0
,1,10,200,1000,1269,575
,1,10,200,1000,1079,761
,1,10,200,1000,1011,366
,1,10,200,1000,1002,650
,1,10,200,1000,995,75
,1,10,200,1000,902,372
,1,10,200,1000,896,135
,1,10,200,1000,899,645
,1,10,200,1000,795,36
,1,10,200,1000,742,212
,1,10,200,1000,816,161
,1,10,200,1000,790,392
,1,10,200,1000,752,64
,1,10,200,1000,639,262
,1,10,200,1000,729,153
,1,10,200,1000,663,278
,1,10,200,1000,698,82
,1,10,200,1000,742,320
,1,10,200,1000,832,312
,1,10,200,1000,764,240
,1,10,200,1000,774,320
,1,10,200,1000,791,197
,1,10,200,1000,833,447
,1,10,200,1000,772,213
,1,10,200,1000,796,392
,1,10,200,1000,902,256
,1,10,200,1000,845,485
,1,10,200,1000,842,290
,1,10,200,1000,957,534
,1,10,200,1000,974,370
,1,10,200,1000,962,461
,1,10,200,1000,955,307
,1,10,200,1000,1076,503
,1,10,200,1000,1045,397
,1,10,200,1000,1085,436
,1,10,200,1000,1145,366
,1,10,200,1000,1135,478
,1,10,200,1000,1136,410
,1,10,200,1000,1132,566
,1,10,200,1000,1275,411
,1,10,200,1000,1174,751
,1,10,200,1000,1302,314
,1,10,200,1000,1429,883
,1,10,200,1000,0,0
,1,10,200,1000,0,0
,1,10,200,1000,0,0
,1,10,200,1000,0,0
,1,10,200,1000,0,0
,1,10,200,1000,0,0
,1,10,200,1000,0,0
,1,10,200,1000,0,0
,1,10,200,1000,0,0
,1,10,200,1000,0,0
,1,10,200,1000,0,0
,1,10,200,1000,0,0
,1,10,200,1000,0,0
,1,10,200,1000,0,0
,1,10,200,1000,0,0
,1,10,200,1000,0,0
,1,10,200,1000,0,0
,1,10,200,1000,0,0
,1,10,200,1000,0,0
,1,10,200,1000,0,0
,1,10,200,1000,0,0
,1,10,200,1000,0,0
,1,10,200,1000,0,0
,1,10,200,1000,0,0
,1,10,200,1000,0,0
,1,10,200,1000,0,0
,1,10,200,1000,0,0
,1,10,200,1000,0,0
,1,10,200,1000,0,0
,1,10,200,1000,0,0
,1,10,200,1000,0,0
,1,10,200,1000,0,0
,1,10,200,1000,0,0
,1,10,200,1000,0,0
,1,10,200,1000,0,0
,1,10,200,1000,0,0
,1,10,200,1000,0,0
,1,10,200,1000,0,0
,1,10,200,1000,0,0
,1,10,200,1000,0,0
,1,10,200,1000,0,0
,1,10,200,1000,0,0
,1,10,200,1000,1307,827
,1,10,200,1000,0,0
,1,10,200,1000,1293,855
,1,10,200,1000,0,0
,1,10,200,1000,1296,850
,1,10,200,1000,0,0
,1,10,200,1000,1452,936
,1,10,200,1000,0,0
,1,10,70,5000,0,0
,1,10,110,5000,5772,1962
,1,10,70,5000,5363,3428
,1,10,70,10000,0,0
,1,10,110,10000,11133,3974
,1,10,70,10000,10540,7010
,1,10,110,10000,10401,3290
,1,10,70,10000,10266,6831
,1,10,110,10000,9537,3040
,1,10,70,10000,9426,6111
,1,10,110,10000,9236,2554
,1,10,70,10000,8824,5761
,1,10,110,10000,8753,2268
,1,10,70,10000,8501,5669
,1,10,110,10000,8310,2053
,1,10,70,10000,8116,6410
,1,10,110,10000,7710,2266
,1,10,70,10000,7658,5022
,1,10,110,10000,7745,1983
,1,10,70,10000,7808,6402
,1,10,110,10000,7849,1736
,1,10,70,10000,7750,5952
,1,10,110,10000,7807,1973
,1,10,70,10000,7956,6079
,1,10,110,10000,8079,2243
,1,10,70,10000,8524,5789
,1,10,110,10000,8583,2646
,1,10,70,10000,8952,5451
,1,10,110,10000,9394,3389
,1,10,70,10000,9818,5318
,1,10,110,10000,10424,5086
,1,10,70,10000,10660,4799
,1,10,110,10000,10934,6027
,1,10,70,10000,10986,5149
,1,10,110,10000,11179,5082
,1,10,70,10000,11266,4874
,1,10,110,10000,11914,5591
,1,10,70,10000,12647,6213
,1,10,110,10000,12995,5622
,1,10,70,10000,13151,6737
,1,10,110,10000,13919,6776
,1,10,70,10000,14125,6447
,1,10,110,10000,14562,7030
,1,10,70,10000,15735,7916
,1,10,110,10000,16298,7149
,1,10,70,10000,17134,9644
,1,10,110,10000,16872,6923
,1,10,70,10000,0,0
,1,10,110,10000,0,0
,1,10,70,10000,0,0
,1,10,110,10000,0,0
,1,10,70,10000,0,0
,1,10,110,10000,0,0
,1,10,70,10000,0,0
,1,10,110,10000,0,0
,1,10,70,10000,0,0
,1,10,110,10000,0,0
,1,10,70,10000,0,0
,1,10,110,10000,0,0
,1,10,70,10000,0,0
,1,10,110,10000,0,0
,1,10,70,10000,0,0
,1,10,110,10000,0,0
,1,10,70,10000,0,0
,1,10,110,10000,0,0
,1,10,70,10000,0,0
,1,10,110,10000,11404,4379
,1,10,70,10000,10658,6820
,1,10,110,10000,10478,3689
,1,10,70,10000,9985,6324
,1,10,110,10000,9830,3199
,1,10,70,10000,9516,6855
,1,10,110,10000,9423,2123
,1,10,70,10000,8579,6331
,1,10,110,10000,7922,1949
,1,10,70,10000,7917,5352
,1,10,110,10000,8067,1865
,1,10,70,10000,8011,6624
,1,10,110,10000,7996,1658
,1,10,70,10000,7809,6564
,1,10,110,10000,7686,1364
,1,10,70,10000,7757,6161
,1,10,110,10000,7126,1652
,1,10,70,10000,7883,5912
,1,10,110,10000,8436,1934
,1,10,70,10000,8367,6472
,1,10,110,10000,8750,1840
,1,10,70,10000,8218,5846
,1,10,110,10000,8390,1868
,1,10,70,10000,8576,6140
,1,10,110,10000,8827,2141
,1,10,70,10000,9030,6371
,1,10,110,10000,9338,2306
,1,10,70,10000,9854,6736
,1,10,110,10000,9118,2344
,1,10,70,10000,9437,5718
,1,10,110,10000,9700,2524
,1,10,70,10000,10492,6297
,1,10,110,10000,11323,3725
,1,10,70,10000,11525,7280
,1,10,110,10000,11755,3683
,1,10,70,10000,12208,7189
,1,10,110,10000,12395,4544
,1,10,70,10000,13196,7563
,1,10,110,10000,13150,5082
,1,10,70,10000,13707,7513
,1,10,110,10000,13534,5496
,1,10,70,10000,15639,8273
,1,10,110,10000,16094,6825
,1,10,70,10000,0,0
,1,10,110,10000,0,0
,1,10,70,10000,0,0
,1,10,110,10000,0,0
,1,10,70,10000,0,0
,1,10,110,10000,0,0
,1,10,70,10000,0,0
,1,10,110,10000,0,0
,1,10,70,10000,0,0
,1,10,110,10000,0,0
,1,10,70,10000,0,0
,1,10,110,10000,0,0
,1,10,70,10000,0,0
,1,10,110,10000,0,0
,1,10,70,10000,0,0
,1,10,110,10000,0,0
,1,10,70,10000,0,0
,1,10,110,10000,0,0
,1,10,70,10000,0,0
,1,10,110,10000,10569,3560
,1,10,70,10000,9958,6600
,1,10,110,10000,9795,2977
,1,10,70,10000,9459,6278
,1,10,110,10000,9450,2487
,1,10,70,10000,8981,6598
,1,10,110,10000,10044,1713
,1,10,70,10000,10139,8075
,1,10,110,10000,10280,1399
,1,10,70,10000,9501,7894
,1,10,110,10000,9650,852
,1,10,70,10000,9293,7215
,1,10,110,10000,8797,1562
,1,10,70,10000,7896,6152
,1,10,110,10000,8512,1322
,1,10,70,10000,7120,5606
,1,10,110,10000,7750,1411
,1,10,70,10000,8305,6151
,1,10,110,10000,8994,1798
,1,10,70,10000,9082,6397
,1,10,110,10000,9519,1955
,1,10,70,10000,8727,5830
,1,10,110,10000,8499,2525
,1,10,70,10000,8076,5468
,1,10,110,10000,8630,2209
,1,10,70,10000,9158,5931
,1,10,110,10000,8896,2937
,1,10,70,10000,10721,6610
,1,10,110,10000,9746,3950
,1,10,70,10000,11178,6192
,1,10,110,10000,10550,4241
,1,10,70,10000,12699,5668
,1,10,110,10000,12769,8197
,1,10,70,10000,12112,3361
,1,10,110,10000,13860,10376
,1,10,70,10000,14272,2537
,1,10,110,10000,14722,12139
,1,10,70,10000,12300,1331
,1,10,110,10000,15299,13728
,1,10,70,10000,15501,1917
,1,10,110,10000,16243,14386
,1,10,70,10000,17230,2644
,1,10,110,10000,17787,15202
,1,10,70,10000,0,0
,1,10,110,10000,0,0
,1,10,70,10000,0,0
,1,10,110,10000,0,0
,1,10,70,10000,0,0
,1,10,110,10000,0,0
,1,10,70,10000,0,0
,1,10,110,10000,0,0
,1,10,70,10000,0,0
,1,10,110,10000,0,0
,1,10,70,10000,0,0
,1,10,110,10000,0,0
,1,10,70,10000,0,0
,1,10,110,10000,0,0
,1,10,70,10000,0,0
,1,10,110,10000,0,0
,1,10,70,10000,0,0
,1,10,110,10000,0,0
,1,10,70,10000,0,0
,1,10,110,10000,10948,3935
,1,10,70,10000,10902,7014
,1,10,110,10000,10533,3119
,1,10,70,10000,10269,6723
,1,10,110,10000,9908,2357
,1,10,70,10000,9949,7000
,1,10,110,10000,9530,1755
,1,10,70,10000,9030,7150
,1,10,110,10000,7978,2328
,1,10,70,10000,7960,5345
,1,10,110,10000,8637,2103
,1,10,70,10000,9072,5759
,1,10,110,10000,9100,2374
,1,10,70,10000,8268,5416
,1,10,110,10000,8517,2140
,1,10,70,10000,8730,5458
,1,10,110,10000,8352,3282
,1,10,70,10000,9038,5733
,1,10,110,10000,9142,2855
,1,10,70,10000,9109,5331
,1,10,110,10000,8693,3559
,1,10,70,10000,8919,4862
,1,10,110,10000,8907,3808
,1,10,70,10000,9479,4849
,1,10,110,10000,9644,3997
,1,10,70,10000,9862,4803
,1,10,110,10000,10471,5202
,1,10,70,10000,10848,5075
,1,10,110,10000,11064,5444
,1,10,70,10000,11120,5712
,1,10,110,10000,11773,5461
,1,10,70,10000,12125,5174
,1,10,110,10000,12424,7170
,1,10,70,10000,12532,5251
,1,10,110,10000,11945,6002
,1,10,70,10000,12309,4730
,1,10,110,10000,12216,6012
,1,10,70,10000,12712,5916
,1,10,110,10000,12584,5135
,1,10,70,10000,13305,8082
,1,10,110,10000,12993,4412
,1,10,70,10000,12555,7969
,1,10,110,10000,14450,4549
,1,10,70,10000,0,0
,1,10,110,10000,0,0
,1,10,70,10000,0,0
,1,10,110,10000,0,0
,1,10,70,10000,0,0
,1,10,110,10000,0,0
,1,10,70,10000,0,0
,1,10,110,10000,0,0
,1,10,70,10000,0,0
,1,10,110,10000,0,0
,1,10,70,10000,0,0
,1,10,110,10000,0,0
,1,10,70,10000,0,0
,1,10,110,10000,0,0
,1,10,70,10000,0,0
,1,10,110,10000,0,0
,1,10,70,10000,0,0
,1,10,110,10000,0,0
,1,10,70,10000,0,0
,1,10,110,10000,11732,3994
,1,10,70,10000,10879,7114
,1,10,110,10000,10898,3223
,1,10,70,10000,10802,7332
,1,10,110,10000,10609,2683
,1,10,70,10000,10033,7128
,1,10,110,10000,10112,1732
,1,10,70,10000,9569,7076
,1,10,110,10000,9418,2440
,1,10,70,10000,9146,6155
,1,10,110,10000,9371,2550
,1,10,70,10000,8907,5187
,1,10,110,10000,9398,3114
,1,10,70,10000,9132,6098
,1,10,110,10000,9476,2498
,1,10,70,10000,9307,5281
,1,10,110,10000,9404,3726
,1,10,70,10000,9365,4739
,1,10,110,10000,9251,4339
,1,10,70,10000,9068,4462
,1,10,110,10000,9632,4607
,1,10,70,10000,9181,3936
,1,10,110,10000,9526,4807
,1,10,70,10000,8318,3878
,1,10,110,10000,8910,4129
,1,10,70,10000,9905,3996
,1,10,110,10000,10471,5524
,1,10,70,10000,10319,4033
,1,10,110,10000,10658,5461
,1,10,70,10000,10707,3733
,1,10,110,10000,10827,5964
,1,10,70,10000,11280,3618
,1,10,110,10000,12201,7181
,1,10,70,10000,11576,3439
,1,10,110,10000,11631,7845
,1,10,70,10000,11659,2823
,1,10,110,10000,13465,9961
,1,10,70,10000,13813,2640
,1,10,110,10000,14236,11294
,1,10,70,10000,13920,2356
,1,10,110,10000,14387,11698
,1,10,70,10000,15320,3215
,1,10,110,10000,16293,12464
,1,10,70,10000,0,0
,1,10,110,10000,0,0
,1,10,70,10000,0,0
,1,10,110,10000,0,0
,1,10,70,10000,0,0
,1,10,110,10000,0,0
,1,10,70,10000,0,0
,1,10,110,10000,0,0
,1,10,70,10000,0,0
,1,10,110,10000,0,0
,1,10,70,10000,0,0
,1,10,110,10000,0,0
,1,10,70,10000,0,0
,1,10,110,10000,0,0
,1,10,70,10000,0,0
,1,10,110,10000,0,0
,1,10,70,10000,0,0
,1,10,110,10000,0,0
,1,10,110,10000,0,0
,1,10,70,10000,11754,3908
,1,10,110,10000,11164,7438
,1,10,70,10000,11019,3516
,1,10,110,10000,10859,7505
,1,10,70,10000,10356,2791
,1,10,110,10000,9727,7018
,1,10,70,10000,10199,1462
,1,10,110,10000,9666,8471
,1,10,70,10000,6604,2184
,1,10,110,10000,8402,5942
,1,10,70,10000,8686,2256
,1,10,110,10000,8616,7334
,1,10,70,10000,8624,1861
,1,10,110,10000,8592,6791
,1,10,70,10000,8396,2308
,1,10,110,10000,8399,6683
,1,10,70,10000,8338,2987
,1,10,110,10000,8356,4738
,1,10,70,10000,8559,3410
,1,10,110,10000,8583,4907
,1,10,70,10000,8615,3512
,1,10,110,10000,9015,5241
,1,10,70,10000,8755,3329
,1,10,110,10000,9142,4740
,1,10,70,10000,9527,4343
,1,10,110,10000,9677,4330
,1,10,70,10000,10368,4765
,1,10,110,10000,10785,4582
,1,10,70,10000,10598,5526
,1,10,110,10000,10763,4048
,1,10,70,10000,11253,5415
,1,10,110,10000,11630,4558
,1,10,70,10000,11940,5932
,1,10,110,10000,13027,5355
,1,10,70,10000,13052,6408
,1,10,110,10000,13582,5778
,1,10,70,10000,13817,6702
,1,10,110,10000,13818,5728
,1,10,70,10000,14441,7422
,1,10,110,10000,15461,6316
,1,10,70,10000,16631,8902
,1,10,110,10000,17341,7227
,1,10,70,10000,18584,9877
,1,10,110,10000,0,0
,1,10,70,10000,0,0
,1,10,110,10000,0,0
,1,10,70,10000,0,0
,1,10,110,10000,0,0
,1,10,70,10000,0,0
,1,10,110,10000,0,0
,1,10,70,10000,0,0
,1,10,110,10000,0,0
,1,10,70,10000,0,0
,1,10,110,10000,0,0
,1,10,70,10000,0,0
,1,10,110,10000,0,0
,1,10,70,10000,0,0
,1,10,110,10000,0,0
,1,10,70,10000,0,0
,1,10,110,10000,0,0
,1,10,70,10000,0,0
,1,10,110,10000,0,0
,1,10,70,10000,0,0
,1,10,110,10000,0,0
,1,10,70,10000,11906,4217
,1,10,110,10000,11526,7777
,1,10,70,10000,11008,3754
,1,10,110,10000,10896,7129
,1,10,70,10000,10433,3276
,1,10,110,10000,9796,7346
,1,10,70,10000,9926,2225
,1,10,110,10000,9451,6513
,1,10,70,10000,9379,2271
,1,10,110,10000,8821,6172
,1,10,70,10000,6378,1376
,1,10,110,10000,8378,6751
,1,10,70,10000,8149,2130
,1,10,110,10000,8276,5939
,1,10,70,10000,6958,1699
,1,10,110,10000,8062,5486
,1,10,70,10000,8570,2733
,1,10,110,10000,8110,5358
,1,10,70,10000,8358,2731
,1,10,110,10000,7648,6146
,1,10,70,10000,7411,1837
,1,10,110,10000,8812,6469
,1,10,70,10000,8798,2065
,1,10,110,10000,8798,6329
,1,10,70,10000,8502,2137
,1,10,110,10000,8948,6100
,1,10,70,10000,9384,2417
,1,10,110,10000,9620,6179
,1,10,70,10000,10008,3030
,1,10,110,10000,10050,5965
,1,10,70,10000,10282,3363
,1,10,110,10000,10730,6957
,1,10,70,10000,11061,3873
,1,10,110,10000,11404,6857
,1,10,70,10000,11990,4654
,1,10,110,10000,12939,7929
,1,10,70,10000,13570,4432
,1,10,110,10000,14393,8736
,1,10,70,10000,15982,6357
,1,10,110,10000,16555,9284
,1,10,70,10000,17041,6878
,1,10,110,10000,18172,10707
,1,10,70,10000,19017,7163
,1,10,110,10000,0,0
,1,10,70,10000,0,0
,1,10,110,10000,0,0
,1,10,70,10000,0,0
,1,10,110,10000,0,0
,1,10,70,10000,0,0
,1,10,110,10000,0,0
,1,10,70,10000,0,0
,1,10,110,10000,0,0
,1,10,70,10000,0,0
,1,10,110,10000,0,0
,1,10,70,10000,0,0
,1,10,110,10000,0,0
,1,10,70,10000,0,0
,1,10,110,10000,0,0
,1,10,70,10000,0,0
,1,10,110,10000,0,0
,1,10,70,10000,0,0
,1,10,110,10000,0,0
,1,10,70,10000,11867,4136
,1,10,110,10000,11400,7266
,1,10,70,10000,10975,3931
,1,10,110,10000,10957,7090
,1,10,70,10000,10110,3536
,1,10,110,10000,9826,7252
,1,10,70,10000,9546,2561
,1,10,110,10000,9579,7216
,1,10,70,10000,9631,2403
,1,10,110,10000,8612,6867
,1,10,70,10000,8561,1260
,1,10,110,10000,8200,6613
,1,10,70,10000,8105,1790
,1,10,110,10000,8774,6142
,1,10,70,10000,8515,2644
,1,10,110,10000,8229,4600
,1,10,70,10000,8205,3074
,1,10,110,10000,7635,4253
,1,10,70,10000,8620,3181
,1,10,110,10000,8431,4769
,1,10,70,10000,8669,2978
,1,10,110,10000,8945,5255
,1,10,70,10000,8614,2641
,1,10,110,10000,8585,4991
,1,10,70,10000,8667,3586
,1,10,110,10000,9811,4778
,1,10,70,10000,9844,4530
,1,10,110,10000,10581,4886
,1,10,70,10000,10973,5210
,1,10,110,10000,11620,6045
,1,10,70,10000,11901,4503
,1,10,110,10000,11888,5797
,1,10,70,10000,12571,6739
,1,10,110,10000,12746,5220
,1,10,70,10000,12971,6746
,1,10,110,10000,13822,6349
,1,10,70,10000,14708,7497
,1,10,110,10000,15171,7055
,1,10,70,10000,15059,8421
,1,10,110,10000,15379,6676
,1,10,70,10000,16076,8236
,1,10,110,10000,15888,7724
,1,10,70,10000,16436,8369
,1,10,110,10000,0,0
,1,10,70,10000,0,0
,1,10,110,10000,0,0
,1,10,70,10000,0,0
,1,10,110,10000,0,0
,1,10,70,10000,0,0
,1,10,110,10000,0,0
,1,10,70,10000,0,0
,1,10,110,10000,0,0
,1,10,70,10000,0,0
,1,10,110,10000,0,0
,1,10,70,10000,0,0
,1,10,110,10000,0,0
,1,10,70,10000,0,0
,1,10,110,10000,0,0
,1,10,70,10000,0,0
,1,10,110,10000,0,0
,1,10,70,10000,0,0
,1,10,110,10000,0,0
,1,10,70,10000,0,0
,1,10,110,10000,0,0
,1,10,70,10000,10712,3723
,1,10,110,10000,9414,6120
,1,10,70,10000,9050,3129
,1,10,110,10000,10150,6519
,1,10,70,10000,9802,3291
,1,10,110,10000,9561,6963
,1,10,70,10000,8925,2222
,1,10,110,10000,8835,5968
,1,10,70,10000,8918,1921
,1,10,110,10000,8672,6551
,1,10,70,10000,8587,1520
,1,10,110,10000,8282,6394
,1,10,70,10000,8659,1992
,1,10,110,10000,8571,6144
,1,10,70,10000,8847,1696
,1,10,110,10000,8440,7207
,1,10,70,10000,8539,1927
,1,10,110,10000,8495,6653
,1,10,70,10000,8899,2085
,1,10,110,10000,8937,7063
,1,10,70,10000,9471,1841
,1,10,110,10000,9433,6870
,1,10,70,10000,9096,2372
,1,10,110,10000,9164,6358
,1,10,70,10000,9185,2694
,1,10,110,10000,9355,5858
,1,10,70,10000,9448,3325
,1,10,110,10000,9120,5078
,1,10,70,10000,9548,4017
,1,10,110,10000,10419,4732
,1,10,70,10000,10778,4453
,1,10,110,10000,12140,5767
,1,10,70,10000,12382,6174
,1,10,110,10000,13115,6094
,1,10,70,10000,12868,6695
,1,10,110,10000,13546,6254
,1,10,70,10000,14296,7245
,1,10,110,10000,14775,6309
,1,10,70,10000,15210,8515
,1,10,110,10000,15212,6610
,1,10,70,10000,14827,7813
,1,10,110,10000,15118,6936
,1,10,70,10000,17126,7947
,1,10,110,10000,0,0
,1,10,70,10000,0,0
,1,10,110,10000,0,0
,1,10,70,10000,0,0
,1,10,110,10000,0,0
,1,10,70,10000,0,0
,1,10,110,10000,0,0
,1,10,70,10000,0,0
,1,10,110,10000,0,0
,1,10,70,10000,0,0
,1,10,110,10000,0,0
,1,10,70,10000,0,0
,1,10,110,10000,0,0
,1,10,70,10000,0,0
,1,10,110,10000,0,0
,1,10,70,10000,0,0
,1,10,110,10000,0,0
,1,10,70,10000,0,0
,1,10,110,10000,0,0
,1,10,70,10000,11089,3756
,1,10,110,10000,10497,7032
,1,10,70,10000,10124,3320
,1,10,110,10000,10144,6956
,1,10,70,10000,10030,2606
,1,10,110,10000,9483,7037
,1,10,70,10000,9479,1457
,1,10,110,10000,9370,8112
,1,10,70,10000,8887,2041
,1,10,110,10000,8722,7046
,1,10,70,10000,8638,1433
,1,10,110,10000,8572,7737
,1,10,70,10000,8389,1256
,1,10,110,10000,8248,7460
,1,10,70,10000,8098,1199
,1,10,110,10000,7445,6657
,1,10,70,10000,7792,1335
,1,10,110,10000,8094,6668
,1,10,70,10000,8163,1556
,1,10,110,10000,8085,6855
,1,10,70,10000,8086,2132
,1,10,110,10000,7847,5621
,1,10,70,10000,7903,2875
,1,10,110,10000,8136,5477
,1,10,70,10000,8421,2634
,1,10,110,10000,8910,5684
,1,10,70,10000,8877,3177
,1,10,110,10000,8609,5131
,1,10,70,10000,8874,3148
,1,10,110,10000,9266,5222
,1,10,70,10000,9710,3558
,1,10,110,10000,10365,5855
,1,10,70,10000,10791,4253
,1,10,110,10000,11184,5988
,1,10,70,10000,11803,4798
,1,10,110,10000,11877,5863
,1,10,70,10000,12598,6023
,1,10,110,10000,13026,5104
,1,10,70,10000,14102,8781
,1,10,110,10000,14464,4787
,1,10,70,10000,16003,9845
,1,10,110,10000,16696,5832
,1,10,70,10000,17811,10458
,1,10,110,10000,0,0
,1,10,70,10000,0,0
,1,10,110,10000,0,0
,1,10,70,10000,0,0
,1,10,110,10000,0,0
,1,10,70,10000,0,0
,1,10,110,10000,0,0
,1,10,70,10000,0,0
,1,10,110,10000,0,0
,1,10,70,10000,0,0
,1,10,110,10000,0,0
,1,10,70,10000,0,0
,1,10,110,10000,0,0
,1,10,70,10000,0,0
,1,10,110,10000,0,0
,1,10,70,10000,0,0
,1,10,110,10000,0,0
,1,10,70,10000,0,0
,1,10,100,15000,15958,6130
,1,10,100,15000,15071,5594
,1,10,100,15000,14242,5234
,1,10,100,15000,14689,5252
,1,10,100,15000,13257,5835
,1,10,100,15000,13572,6323
,1,10,100,15000,12823,7419
,1,10,100,15000,12258,5868
