6,-11.5344,5,5,1.363
8,3.0719,5,4,1.469
10,7.46923,2,2,5.705
12,3.43674,3,2,14.928
14,7.21938,5,2,13.83
16,0.177638,0,2,11.608
18,0.349764,6,2,12.572
20,-3.66903,2,1,16.18
22,-3.77488,2,0,5.865
24,-8.01559,3,0,4.247
26,-7.04316,4,0,3.8
28,-12.2246,1,5,12.605
30,-11.0894,0,5,4.261
32,-13.0519,0,4,13.727
34,-11.5786,0,1,11.02
36,-10.0368,5,6,4.799
38,-12.1154,4,6,5.376
40,-8.65588,4,7,5.108
42,-7.77273,2,6,3.675
44,-16.2718,7,3,2.107
46,-25.2969,0,7,0.65
48,-36,7,5,17502.2
0,3.559e-307,-2,5242236,5242.12
5,-8.16334,4,2,1.14
6,-11.5344,5,5,1.394
7,-4.93768,4,5,4.47
8,3.0719,5,4,1.448
9,8.9743,6,5,11.937
10,15.3326,4,6,4.247
11,11.8851,3,7,13.888
12,7.90757,4,7,1.888
13,13.0287,5,7,2.67
14,15.1834,6,4,3.45
15,13.1129,3,5,8.545
16,8.10429,5,6,4.676
0,7.28374e-304,-2,16775104,7.28375e-304
5,-8.16334,4,2,1.155
6,-11.5344,5,5,1.401
7,-4.93768,4,5,4.172
8,3.0719,5,4,1.471
9,8.9743,6,5,11.978
10,15.3326,4,6,4.257
11,11.8851,3,7,13.913
12,7.90757,4,7,1.893
13,13.0287,5,7,2.673
14,15.1834,6,4,3.453
15,13.1129,3,5,8.494
16,8.10429,5,6,4.675
17,11.2186,5,3,6.459
18,1.25846,7,5,6.15
19,13.4328,3,6,1.899
20,-3.19008,2,5,7.458
21,15.237,2,6,3.971
22,-5.83399,2,7,13.083
23,17.8403,1,7,12.847
24,-12.5029,5,1,17.577
25,16.6866,1,5,2.711
26,-16.3097,1,4,11.758
27,19.6215,0,3,3.775
28,-22.7527,0,5,8.418
29,24.0478,2,4,1.283
30,-24.973,3,2,3.04
31,25.4856,5,2,0.652
32,-26.2525,6,3,6.033
33,24.7629,6,2,1.02
34,-26.2954,4,1,3.733
35,26.6896,7,2,1.216
36,-27.593,7,4,4.452
37,31.8272,5,0,0.936
38,-33.0855,6,1,8.502
39,35.2458,1,2,2.068
40,-32.3823,1,3,12.371
41,35.5697,0,2,1.203
42,-33.4194,1,6,3.177
43,40.5338,4,0,0.876
44,-41.187,6,6,7.793
45,42.941,6,0,2.157
46,-42.5605,3,0,0.469
47,45.0237,2,0,0.53
48,-52,3,1,0.469
49,52,0,7,0.53
50,-52,1,1,0.469
51,52,7,7,0.53
52,-52,0,6,0.469
53,52,0,4,0.53
54,-52,7,6,0.469
55,52,7,0,0.53
56,-52,7,1,0.469
57,52,7,3,0.53
58,-52,-1,-1,0.469
58,52,1,0,0.53
59,-52,0,1,0.469
60,52,6,7,0.53
61,-52,2,1,0.469
62,52,0,0,0.53
63,-52,-1,-1,0.469
63,52,2,2,0.53
64,-52,-1,-1,0.469
64,52,-1,-1,0.53
64,-52,-1,-1,0.469
5,-8.16334,4,2,1.125
6,-11.5344,5,5,1.339
7,-4.93768,4,5,4.09
8,3.0719,5,4,1.451
9,8.9743,6,5,11.908
10,15.3326,4,6,4.283
11,11.8851,3,7,13.956
12,7.90757,4,7,1.895
13,13.0287,5,7,2.675
14,15.1834,6,4,3.459
15,13.1129,3,5,8.54
16,8.10429,5,6,4.692
17,11.2186,5,3,6.46
18,1.25846,7,5,6.194
19,13.4328,3,6,1.93
20,-3.19008,2,5,7.955
21,15.237,2,6,6.254
22,-5.83399,2,7,15.476
23,17.8403,1,7,13.024
0,3.55689e-307,-2,5240992,3.5569e-307
5,-6.9226,4,2,1.208
6,-10.4621,5,5,1.872
7,-1.44553,4,5,4.021
8,9.1704,5,4,2.939
9,7.06773,6,5,5.014
10,16.4078,4,6,5.63
11,14.38,3,7,14.8
12,11.7813,4,7,3.182
13,10.9613,5,7,2.589
14,14.6509,6,4,4.24
15,15.6113,3,5,7.517
16,7.70392,5,6,7.645
17,10.3919,5,3,11.239
18,9.60508,7,5,13.131
19,15.5622,3,6,1.593
20,4.35639,2,5,10.178
21,15.8921,2,6,3.637
22,0.535916,2,7,14.559
23,19.6527,1,7,12.878
24,-4.90519,5,1,22.653
25,20.0288,1,5,2.756
26,-9.48689,1,4,15.059
27,22.6435,0,3,3.768
28,-13.2586,3,2,2.59
29,22.7299,6,3,2.475
30,-19.6321,5,2,3.545
31,25.8817,6,2,2.172
32,-17.1282,7,4,2.316
33,24.4897,7,2,0.747
34,-15.1191,7,3,1.488
35,28.8532,7,6,0.99
36,-17.643,1,6,3.486
37,33.1389,2,4,1.112
38,-20.3054,0,4,0.697
39,29.4854,0,7,0.431
40,-20.5385,0,2,5.266
41,23.4109,7,1,3.337
42,-18.2192,6,1,5.922
43,29.8915,7,0,1.762
44,-23.278,4,1,7.32
45,30.3207,5,0,3.711
46,-20.8552,0,5,5.219
47,29.0641,3,0,1.548
48,-26,6,6,5.219
49,26,0,6,1.548
50,-26,2,2,5.219
51,26,1,3,1.548
52,-26,3,1,5.219
53,26,2,0,1.548
54,-26,6,0,5.219
55,26,2,1,1.548
56,-26,1,2,5.219
57,26,0,1,1.548
58,-26,4,0,5.219
59,26,1,1,1.548
60,-26,0,0,5.219
61,26,1,0,1.548
62,-26,-1,-1,5.219
62,26,7,7,1.548
63,-26,6,7,5.219
64,26,-1,-1,1.548
63,-26,6,7,5.219
5,-6.9226,4,2,1.172
6,-10.4621,5,5,1.785
7,-1.44553,4,5,3.97
8,9.1704,5,4,2.978
9,7.06773,6,5,5.023
10,16.4078,4,6,5.661
11,14.38,3,7,15.564
12,11.7813,4,7,3.178
13,10.9613,5,7,2.614
14,14.6509,6,4,4.297
0,5.46509e-304,-2,16252004,5.4651e-304
5,-3.70188,4,2,1.66
6,-10.4621,5,5,1.902
7,-9.51919,4,5,4.693
8,9.1704,5,4,2.89
9,-0.635011,6,5,11.503
10,16.4078,4,6,5.631
11,9.14126,3,7,23.16
12,11.7813,4,7,3.174
13,0.379046,5,7,3.206
14,14.6509,6,4,4.222
15,8.91461,3,5,10.631
16,7.70392,5,6,7.655
17,4.684,5,3,12.06
18,9.60508,7,5,13.201
19,11.6794,3,6,2.364
20,4.35639,2,5,10.159
21,7.28684,2,6,3.934
22,0.535916,2,7,14.576
23,15.9604,2,2,6.813
24,17.0559,6,7,12.871
25,-5.27878,1,5,21.862
26,21.3316,1,4,1.515
27,-10.6883,2,4,11.035
28,15.5776,0,4,2.963
29,-6.97507,7,3,9.391
30,16.421,1,3,2.518
31,-5.81541,0,6,7.143
32,14.9902,7,4,1.749
33,-14.5149,0,5,4.223
34,18.1745,7,2,1.026
35,-21.365,0,3,1.387
36,20.9702,3,2,0.384
37,-21.0137,4,1,1.465
38,28.9565,1,2,0.495
39,-23.2734,0,2,2.83
40,24.4832,5,0,0.573
41,-28.3185,4,0,1.144
42,29.9321,3,0,0.201
43,-28.3185,1,7,1.144
44,33.668,0,7,0.12
45,-26.7712,6,6,2.477
46,31.9906,0,1,0.336
47,-36.2696,1,1,0.888
48,34,0,0,0.336
49,-34,2,1,0.888
50,34,3,1,0.336
51,-34,5,2,0.888
52,34,5,1,0.336
53,-34,6,1,0.888
54,34,1,6,0.336
55,-34,7,6,0.888
56,34,7,7,0.336
57,-34,6,2,0.888
58,34,7,0,0.336
59,-34,6,3,0.888
60,34,7,1,0.336
61,-34,2,0,0.888
62,34,1,0,0.336
63,-34,6,0,0.888
64,34,-1,-1,0.336
64,-34,-1,-1,0.888
64,34,-1,-1,0.336
5,-3.70188,4,2,1.707
6,-10.4621,5,5,1.788
7,-9.51919,4,5,4.648
8,9.1704,5,4,2.899
9,-0.635011,6,5,11.535
10,16.4078,4,6,5.65
11,9.14126,3,7,24.019
12,11.7813,4,7,3.255
13,0.379046,5,7,3.35
14,14.6509,6,4,4.309
15,8.91461,3,5,10.921
16,7.70392,5,6,8.785
17,4.684,5,3,12.234
18,9.60508,7,5,13.934
19,11.6794,3,6,2.571
20,4.35639,2,5,10.383
21,7.28684,2,6,3.966
22,0.535916,2,7,14.771
23,15.9604,2,2,6.791
24,17.0559,6,7,13
25,-5.27878,1,5,22.484
26,21.3316,1,4,1.562
27,-10.6883,2,4,11.197
28,15.5776,0,4,2.959
29,-6.97507,7,3,9.563
30,16.421,1,3,2.608
31,-5.81541,0,6,7.127
32,14.9902,7,4,1.968
33,-14.5149,0,5,4.895
34,18.1745,7,2,1.186
35,-21.365,0,3,1.609
36,20.9702,3,2,0.455
37,-21.0137,4,1,1.67
38,28.9565,1,2,0.562
39,-23.2734,0,2,3.286
40,24.4832,5,0,0.664
41,-28.3185,4,0,1.361
42,29.9321,3,0,0.214
43,-28.3185,1,7,1.361
44,33.668,0,7,0.134
45,-26.7712,6,6,2.738
46,31.9906,0,1,0.386
47,-36.2696,1,1,1.007
48,34,0,0,0.386
49,-34,2,1,1.007
50,34,3,1,0.386
51,-34,5,2,1.007
52,34,5,1,0.386
53,-34,6,1,1.007
54,34,1,6,0.386
55,-34,7,6,1.007
56,34,7,7,0.386
57,-34,6,2,1.007
58,34,7,0,0.386
59,-34,6,3,1.007
60,34,7,1,0.386
61,-34,2,0,1.007
62,34,1,0,0.386
63,-34,6,0,1.007
64,34,-1,-1,0.386
64,-34,-1,-1,1.007
64,34,-1,-1,0.386
5,-3.70188,4,2,1.918
0,1.44513e-307,-2,3799724,1.44513e-307
5,-8.16334,4,2,1.357
6,-3.2765,5,5,2.645
7,-4.93768,4,5,4.913
8,12.1017,5,4,2.271
9,8.9743,6,5,13.929
10,9.71783,4,6,11.685
11,11.8851,3,7,16.404
12,12.27,4,7,8.328
13,13.0287,5,7,3.207
14,8.31082,6,4,7.696
15,13.1129,3,5,10.146
16,10.0144,5,3,31.078
17,12.533,5,2,4.716
18,5.40151,6,2,20.192
19,12.7605,7,2,7.34
20,10.005,5,6,3.889
21,14.7845,6,3,9.777
22,9.81521,3,6,2.8
23,12.1908,2,6,2.818
24,6.37101,2,5,1.852
25,9.08157,2,7,1.574
26,2.25086,7,5,6.686
27,10.4452,7,4,6.043
28,2.91655,4,1,12.086
29,6.95036,3,1,3.643
30,-1.54456,7,3,9.936
31,11.1742,7,6,8.171
32,-1.98792,2,0,12.492
33,3.27454,1,4,1.72
34,-5.28385,0,5,6.756
35,9.75423,2,4,0.882
36,-8.13462,5,1,9.005
37,11.6591,6,1,5.361
38,-2.46862,1,5,8.388
39,12.8209,1,6,1.173
40,-0.913191,6,6,4.825
41,11.9921,3,0,1.827
42,0.837934,4,0,8.732
43,4.13273,5,0,0.57
44,-0.127653,3,2,2.303
45,3.36471,2,1,1.221
46,-5.8329,2,2,1.617
47,7.80568,0,3,0.543
48,0,1,3,1.617
49,-0,0,2,0.543
50,0,1,2,1.617
51,-0,0,1,0.543
52,0,1,1,1.617
53,-0,0,0,0.543
54,0,1,0,1.617
55,-0,0,4,0.543
56,0,7,1,1.617
57,-0,7,0,0.543
58,0,6,0,1.617
59,-0,0,6,0.543
60,0,0,7,1.617
61,-0,1,7,0.543
62,0,6,7,1.617
63,-0,7,7,0.543
64,0,-1,-1,1.617
64,-0,-1,-1,0.543
64,0,-1,-1,1.617
5,-8.16334,4,2,1.965
6,-3.2765,5,5,3.331
7,-4.93768,4,5,5.188
8,12.1017,5,4,2.297
9,8.9743,6,5,14.258
10,9.71783,4,6,11.993
11,11.8851,3,7,17.812
12,12.27,4,7,8.332
13,13.0287,5,7,3.108
14,8.31082,6,4,7.879
15,13.1129,3,5,11.474
16,10.0144,5,3,33.517
17,12.533,5,2,4.948
18,5.40151,6,2,22.041
19,12.7605,7,2,7.774
20,10.005,5,6,3.909
21,14.7845,6,3,9.906
22,9.81521,3,6,2.755
23,12.1908,2,6,2.894
24,6.37101,2,5,2.449
25,9.08157,2,7,2.969
26,2.25086,7,5,7.791
27,10.4452,7,4,6.175
28,2.91655,4,1,13.147
29,6.95036,3,1,3.806
30,-1.54456,7,3,12.063
31,11.1742,7,6,9.362
32,-1.98792,2,0,9.428
33,3.27454,1,4,1.963
34,-5.28385,0,5,6.913
35,9.75423,2,4,0.922
36,-8.13462,5,1,6.961
37,11.6591,6,1,5.162
38,-2.46862,1,5,8.097
39,12.8209,1,6,1.166
40,-0.913191,6,6,4.915
41,11.9921,3,0,1.808
42,0.837934,4,0,8.698
43,4.13273,5,0,0.534
44,-0.127653,3,2,2.341
45,3.36471,2,1,1.264
46,-5.8329,2,2,1.585
47,7.80568,0,3,0.532
48,0,1,3,1.585
49,-0,0,2,0.532
50,0,1,2,1.585
51,-0,0,1,0.532
52,0,1,1,1.585
53,-0,0,0,0.532
54,0,1,0,1.585
55,-0,0,4,0.532
56,0,7,1,1.585
57,-0,7,0,0.532
58,0,6,0,1.585
59,-0,0,6,0.532
60,0,0,7,1.585
61,-0,1,7,0.532
62,0,6,7,1.585
63,-0,7,7,0.532
64,0,-1,-1,1.585
64,-0,-1,-1,0.532
64,0,-1,-1,1.585
5,-8.16334,4,2,1.329
6,-3.2765,5,5,2.608
0,3.64493e-304,-2,15728288,3.64494e-304
5,-8.16334,4,2,1.397
6,-0.108352,5,5,1.342
7,-4.93768,4,5,5.058
8,10.5344,5,4,3.497
9,8.9743,6,5,14.366
10,13.6813,4,6,12.305
11,11.8851,3,7,16.393
12,13.2294,4,7,3.306
13,13.0287,5,7,3.245
14,13.5135,6,4,9.108
15,13.1129,3,5,10.359
16,9.03628,5,3,25.062
17,12.533,5,2,4.631
18,10.0512,6,2,23.88
19,12.7605,7,2,7.422
20,9.3986,5,6,4.324
21,14.7845,6,3,9.897
22,11.4213,3,6,3.681
23,12.1908,2,6,2.9
24,6.01059,2,5,1.332
25,9.08157,2,7,1.599
26,5.32212,4,1,10.127
27,12.4619,2,4,7.883
28,1.50962,7,3,9.078
29,9.52707,7,4,1.734
30,-3.32541,7,5,11.6
31,14.0872,7,6,4.258
32,-10.5151,5,1,15.433
33,14.3164,5,0,1.12
34,-11.1433,1,4,8.48
35,16.1671,0,4,3.097
36,-13.3085,0,5,2.02
37,18.1529,0,6,0.477
38,-7.54397,1,5,2.066
39,23.1905,0,3,0.663
40,-13.9714,1,3,1.036
41,26.5563,0,2,0.291
42,-10.46,6,0,1.412
43,14.0439,7,0,0.445
44,-11.7075,1,6,2.088
45,15.4117,0,7,0.255
46,-15.6239,1,7,0.714
47,19.4422,4,0,0.39
48,-12,1,2,0.714
49,12,2,1,0.39
50,-12,7,1,0.714
51,12,6,6,0.39
52,-12,7,7,0.714
53,12,6,7,0.39
54,-12,3,1,0.714
55,12,2,0,0.39
56,-12,3,2,0.714
57,12,6,1,0.39
58,-12,3,0,0.714
59,12,2,2,0.39
60,-12,1,1,0.714
61,12,0,1,0.39
62,-12,1,0,0.714
63,12,0,0,0.39
64,-12,-1,-1,0.714
64,12,-1,-1,0.39
64,-12,-1,-1,0.714
5,-8.16334,4,2,1.409
6,-0.108352,5,5,1.401
7,-4.93768,4,5,5.083
8,10.5344,5,4,3.649
9,8.9743,6,5,14.566
0,5.55869e-307,-2,5831540,5.55871e-307
5,-12.3491,4,2,1.665
6,-10.4621,5,5,2.291
7,-7.16036,4,5,6.208
8,9.1704,5,4,3.473
9,0.682083,6,5,14.853
10,16.4078,4,6,6.766
11,5.98587,3,7,29.15
12,11.7813,4,7,3.944
13,1.16648,5,7,4.041
14,14.6509,6,4,5.171
15,7.35638,3,5,13.232
16,7.70392,5,6,9.415
17,4.81565,5,3,14.944
18,9.60508,7,5,16.698
19,7.96544,3,6,2.906
20,4.35639,2,5,12.927
21,7.60283,2,6,4.823
22,0.535916,2,7,18.102
23,11.2397,2,2,8.568
24,17.0559,6,7,15.826
25,-3.52754,1,5,29.83
26,21.3316,1,4,1.857
27,-13.5197,2,4,10.395
28,15.5776,0,4,3.449
29,-9.01821,7,3,14.962
30,16.421,1,3,3.008
31,-9.48295,0,3,7.258
32,10.1835,7,4,2.94
33,-9.69887,7,6,5.147
34,12.1955,6,3,2.472
35,-6.64982,6,2,1.679
36,9.00387,0,2,1.229
37,-1.46622,0,5,3.059
38,15.9682,7,2,0.404
39,2.2502,7,1,4.205
40,9.32296,3,2,3.164
41,-1.13326,1,2,4.182
42,13.6119,0,6,2.297
43,-2.76557,5,2,1.228
44,12.1053,3,1,2.392
45,5.30539,3,0,1.999
46,-2.26145,5,1,1.387
47,9.93562,1,1,0.686
48,-12,4,0,1.387
49,12,2,1,0.686
50,-12,1,6,1.387
51,12,5,0,0.686
52,-12,6,1,1.387
53,12,4,1,0.686
54,-12,6,6,1.387
55,12,7,7,0.686
56,-12,6,0,1.387
57,12,7,0,0.686
58,-12,0,0,1.387
59,12,0,1,0.686
60,-12,1,0,1.387
61,12,0,7,0.686
62,-12,1,7,1.387
63,12,2,0,0.686
64,-12,-1,-1,1.387
64,12,-1,-1,0.686
64,-12,-1,-1,1.387
5,-8.16334,4,2,1.396
6,-0.108352,5,5,1.514
7,-4.93768,4,5,5.116
8,10.5344,5,4,3.591
9,8.9743,6,5,14.91
10,13.6813,4,6,13.68
11,11.8851,3,7,17.837
12,13.2294,4,7,3.327
13,13.0287,5,7,3.317
14,13.5135,6,4,9.306
15,13.1129,3,5,10.555
16,9.03628,5,3,26.141
17,12.533,5,2,4.88
18,10.0512,6,2,25.907
19,12.7605,7,2,7.591
20,9.3986,5,6,4.449
21,14.7845,6,3,10.281
22,11.4213,3,6,3.962
23,12.1908,2,6,3.074
24,6.01059,2,5,1.358
25,9.08157,2,7,1.696
26,5.32212,4,1,10.905
27,12.4619,2,4,8.033
28,1.50962,7,3,9.283
29,9.52707,7,4,1.774
30,-3.32541,7,5,11.821
31,14.0872,7,6,4.312
32,-10.5151,1,4,15.074
33,14.3164,0,4,3.494
34,-11.8206,0,5,6.949
35,14.6069,0,6,1.496
36,-19.9244,1,5,6.916
37,27.4717,6,7,2.044
38,-17.2316,5,1,4.984
39,26.16,0,3,0.898
40,-18.4404,1,6,4.436
41,24.8957,1,2,0.632
42,-19.141,2,2,1.235
43,22.6757,1,3,0.977
44,-20.5254,0,2,1.121
45,25.7387,0,1,0.391
46,-26.403,1,1,2.162
47,28.191,0,0,1.621
48,-18,3,1,2.162
49,18,3,2,1.621
50,-18,6,1,2.162
51,18,2,0,1.621
52,-18,1,0,2.162
53,18,2,1,1.621
54,-18,4,0,2.162
55,18,3,0,1.621
56,-18,5,0,2.162
57,18,7,0,1.621
58,-18,7,1,2.162
59,18,1,7,1.621
60,-18,0,7,2.162
61,18,6,0,1.621
62,-18,7,7,2.162
63,18,6,6,1.621
64,-18,-1,-1,2.162
64,18,-1,-1,1.621
0,8.53453e-306,-2,9959688,8.53455e-306
5,-12.3491,4,2,1.673
6,-10.4621,5,5,2.258
7,-7.16036,4,5,6.557
8,9.1704,5,4,3.564
9,0.682083,6,5,15.634
10,16.4078,4,6,7.124
11,5.98587,3,7,30.151
12,11.7813,4,7,4.004
13,1.16648,5,7,4.026
14,14.6509,6,4,5.283
15,7.35638,3,5,13.28
16,7.70392,5,6,9.533
17,4.81565,5,3,14.941
18,9.60508,7,5,16.032
19,7.96544,3,6,2.724
20,4.35639,2,5,12.807
21,7.60283,2,6,4.511
22,0.535916,2,7,18.006
23,11.2397,2,2,8.555
24,17.0559,6,7,15.83
25,-3.52754,1,5,30.002
26,21.3316,1,4,1.888
27,-13.5197,2,4,10.796
28,15.5776,0,4,3.558
29,-9.01821,7,3,15.52
30,16.421,1,3,3.155
31,-9.48295,0,3,7.254
32,10.1835,7,4,2.898
33,-9.69887,7,6,5.121
34,12.1955,6,3,2.523
35,-6.64982,6,2,1.704
36,9.00387,0,2,1.229
37,-1.46622,0,5,3.109
38,15.9682,7,2,0.432
39,2.2502,7,1,4.234
40,9.32296,3,2,3.115
41,-1.13326,1,2,4.201
42,13.6119,0,6,2.298
43,-2.76557,5,2,1.225
44,12.1053,3,1,2.403
45,5.30539,3,0,1.947
46,0.0925152,5,1,1.399
47,9.93562,1,1,0.647
48,-12,4,0,1.399
49,12,2,1,0.647
50,-12,1,6,1.399
51,12,5,0,0.647
52,-12,6,1,1.399
53,12,4,1,0.647
54,-12,6,6,1.399
55,12,7,7,0.647
56,-12,6,0,1.399
57,12,7,0,0.647
58,-12,0,0,1.399
59,12,0,1,0.647
60,-12,1,0,1.399
61,12,0,7,0.647
62,-12,1,7,1.399
63,12,2,0,0.647
64,-12,-1,-1,1.399
64,12,-1,-1,0.647
64,-12,-1,-1,1.399
5,-8.16334,4,2,1.362
6,-0.108352,5,5,1.299
7,-4.93768,4,5,4.973
8,10.5344,5,4,3.568
4,1.81958e-303,2,3,1.81958e-303
5,0.108352,4,2,12.156
6,1.81958e-303,2,3,1.81958e-303
6,-9.16504,2,4,14.331
7,1.81958e-303,2,3,1.81958e-303
7,8,1,3,14.331
8,1.81958e-303,2,3,1.81958e-303
8,9,2,2,14.331
9,1.81958e-303,2,3,1.81958e-303
9,9,1,2,14.331
10,1.81958e-303,2,3,1.81958e-303
10,9,-1,-1,14.331
10,1.81958e-303,2,3,1.81958e-303
10,9,-1,-1,14.331
10,1.81958e-303,2,3,1.81958e-303
10,9,-1,-1,14.331
10,1.81958e-303,2,3,1.81958e-303
10,9,-1,-1,14.331
10,1.81958e-303,2,3,1.81958e-303
10,9,-1,-1,14.331
10,1.81958e-303,2,3,1.81958e-303
10,9,-1,-1,14.331
10,1.81958e-303,2,3,1.81958e-303
10,9,-1,-1,14.331
10,1.81958e-303,2,3,1.81958e-303
10,9,-1,-1,14.331
10,1.81958e-303,2,3,1.81958e-303
10,9,-1,-1,14.331
10,1.81958e-303,2,3,1.81958e-303
10,9,-1,-1,14.331
10,1.81958e-303,2,3,1.81958e-303
10,9,-1,-1,14.331
10,1.81958e-303,2,3,1.81958e-303
10,9,-1,-1,14.331
10,1.81958e-303,2,3,1.81958e-303
10,9,-1,-1,14.331
10,1.81958e-303,2,3,1.81958e-303
10,9,-1,-1,14.331
10,1.81958e-303,2,3,1.81958e-303
10,9,-1,-1,14.331
10,1.81958e-303,2,3,1.81958e-303
10,9,-1,-1,14.331
10,1.81958e-303,2,3,1.81958e-303
10,9,-1,-1,14.331
10,1.81958e-303,2,3,1.81958e-303
10,9,-1,-1,14.331
10,1.81958e-303,2,3,1.81958e-303
10,9,-1,-1,14.331
10,1.81958e-303,2,3,1.81958e-303
10,9,-1,-1,14.331
10,1.81958e-303,2,3,1.81958e-303
10,9,-1,-1,14.331
10,1.81958e-303,2,3,1.81958e-303
10,9,-1,-1,14.331
10,1.81958e-303,2,3,1.81958e-303
10,9,-1,-1,14.331
10,1.81958e-303,2,3,1.81958e-303
10,9,-1,-1,14.331
10,1.81958e-303,2,3,1.81958e-303
10,9,-1,-1,14.331
10,1.81958e-303,2,3,1.81958e-303
10,9,-1,-1,14.331
10,1.81958e-303,2,3,1.81958e-303
10,9,-1,-1,14.331
10,1.81958e-303,2,3,1.81958e-303
10,9,-1,-1,14.331
10,1.81958e-303,2,3,1.81958e-303
10,9,-1,-1,14.331
10,1.81958e-303,2,3,1.81958e-303
10,9,-1,-1,14.331
10,1.81958e-303,2,3,1.81958e-303
10,9,-1,-1,14.331
10,1.81958e-303,2,3,1.81958e-303
10,9,-1,-1,14.331
10,1.81958e-303,2,3,1.81958e-303
10,9,-1,-1,14.331
10,1.81958e-303,2,3,1.81958e-303
10,9,-1,-1,14.331
10,1.81958e-303,2,3,1.81958e-303
10,9,-1,-1,14.331
10,1.81958e-303,2,3,1.81958e-303
10,9,-1,-1,14.331
10,1.81958e-303,2,3,1.81958e-303
10,9,-1,-1,14.331
10,1.81958e-303,2,3,1.81958e-303
10,9,-1,-1,14.331
10,1.81958e-303,2,3,1.81958e-303
10,9,-1,-1,14.331
10,1.81958e-303,2,3,1.81958e-303
10,9,-1,-1,14.331
10,1.81958e-303,2,3,1.81958e-303
10,9,-1,-1,14.331
10,1.81958e-303,2,3,1.81958e-303
10,9,-1,-1,14.331
10,1.81958e-303,2,3,1.81958e-303
10,9,-1,-1,14.331
10,1.81958e-303,2,3,1.81958e-303
10,9,-1,-1,14.331
10,1.81958e-303,2,3,1.81958e-303
10,9,-1,-1,14.331
10,1.81958e-303,2,3,1.81958e-303
10,9,-1,-1,14.331
10,1.81958e-303,2,3,1.81958e-303
10,9,-1,-1,14.331
10,1.81958e-303,2,3,1.81958e-303
10,9,-1,-1,14.331
10,1.81958e-303,2,3,1.81958e-303
10,9,-1,-1,14.331
10,1.81958e-303,2,3,1.81958e-303
10,9,-1,-1,14.331
10,1.81958e-303,2,3,1.81958e-303
10,9,-1,-1,14.331
10,1.81958e-303,2,3,1.81958e-303
10,9,-1,-1,14.331
10,1.81958e-303,2,3,1.81958e-303
10,9,-1,-1,14.331
10,1.81958e-303,2,3,1.81958e-303
10,9,-1,-1,14.331
10,1.81958e-303,2,3,1.81958e-303
10,9,-1,-1,14.331
10,1.81958e-303,2,3,1.81958e-303
10,9,-1,-1,14.331
10,1.81958e-303,2,3,1.81958e-303
10,9,-1,-1,14.331
10,1.81958e-303,2,3,1.81958e-303
10,9,-1,-1,14.331
10,1.81958e-303,2,3,1.81958e-303
10,9,-1,-1,14.331
10,1.81958e-303,2,3,1.81958e-303
10,9,-1,-1,14.331
10,1.81958e-303,2,3,1.81958e-303
10,9,-1,-1,14.331
10,1.81958e-303,2,3,1.81958e-303
10,9,-1,-1,14.331
10,1.81958e-303,2,3,1.81958e-303
10,9,-1,-1,14.331
10,1.81958e-303,2,3,1.81958e-303
10,9,-1,-1,14.331
10,1.81958e-303,2,3,1.81958e-303
10,9,-1,-1,14.331
10,1.81958e-303,2,3,1.81958e-303
10,9,-1,-1,14.332
10,1.81958e-303,2,3,1.81958e-303
10,9,-1,-1,14.332
10,1.81958e-303,2,3,1.81958e-303
10,9,-1,-1,14.332
10,1.81958e-303,2,3,1.81958e-303
10,9,-1,-1,14.332
10,1.81958e-303,2,3,1.81958e-303
10,9,-1,-1,14.332
10,1.81958e-303,2,3,1.81958e-303
10,9,-1,-1,14.332
10,1.81958e-303,2,3,1.81958e-303
10,9,-1,-1,14.332
10,1.81958e-303,2,3,1.81958e-303
10,9,-1,-1,14.332
10,1.81958e-303,2,3,1.81958e-303
10,9,-1,-1,14.332
10,1.81958e-303,2,3,1.81958e-303
10,9,-1,-1,14.332
10,1.81958e-303,2,3,1.81958e-303
10,9,-1,-1,14.332
10,1.81958e-303,2,3,1.81958e-303
10,9,-1,-1,14.332
10,1.81958e-303,2,3,1.81958e-303
10,9,-1,-1,14.332
10,1.81958e-303,2,3,1.81958e-303
10,9,-1,-1,14.332
10,1.81958e-303,2,3,1.81958e-303
10,9,-1,-1,14.332
10,1.81958e-303,2,3,1.81958e-303
10,9,-1,-1,14.332
10,1.81958e-303,2,3,1.81958e-303
10,9,-1,-1,14.332
10,1.81958e-303,2,3,1.81958e-303
10,9,-1,-1,14.332
10,1.81958e-303,2,3,1.81958e-303
10,9,-1,-1,14.332
10,1.81958e-303,2,3,1.81958e-303
10,9,-1,-1,14.332
10,1.81958e-303,2,3,1.81958e-303
10,9,-1,-1,14.332
10,1.81958e-303,2,3,1.81958e-303
10,9,-1,-1,14.332
10,1.81958e-303,2,3,1.81958e-303
10,9,-1,-1,14.332
10,1.81958e-303,2,3,1.81958e-303
10,9,-1,-1,14.332
10,1.81958e-303,2,3,1.81958e-303
10,9,-1,-1,14.332
10,1.81958e-303,2,3,1.81958e-303
4,3.55827e-307,2,3,0
5,-12.3491,4,2,1.682
6,-11.5344,5,5,1.719
7,-7.16036,4,5,6.583
8,3.0719,5,4,2.027
9,0.682083,6,5,17.151
10,15.3326,4,6,5.928
11,5.98587,3,7,32.943
12,7.90757,4,7,3.526
13,1.16648,5,7,4.4
14,15.1834,6,4,5.786
15,7.35638,3,5,15.859
16,8.10429,5,6,5.797
17,4.81565,5,3,15.121
18,1.25846,7,5,7.888
19,7.96544,3,6,2.937
20,-3.19008,2,5,9.796
21,7.60283,2,6,4.208
22,-5.83399,2,7,16.097
23,11.2397,2,2,8.728
24,13.6932,6,7,13.377
25,-3.52754,1,5,30.211
26,19.0326,1,4,1.626
27,-13.5197,2,4,10.491
28,11.2107,0,4,3.302
29,-9.01821,7,3,15.152
30,11.1046,1,3,2.634
31,-9.48295,0,3,7.172
32,7.04358,7,4,2.383
33,-9.69887,7,6,5.119
34,6.81391,6,3,1.945
35,-6.64982,6,2,1.724
36,10.7656,0,2,1.012
37,-1.46622,0,5,3.476
38,15.2098,7,2,0.378
39,2.2502,7,1,4.12
40,12.2542,3,2,2.533
41,-1.13326,1,2,4.273
42,14.4478,0,6,0.803
43,-2.76557,5,2,1.189
44,12.5422,3,1,1.876
45,5.30539,3,0,1.869
46,5.04201,4,1,0.605
47,6.07379,2,1,0.359
48,18,0,1,1.444
49,-18,5,0,0.882
50,18,5,1,0.317
51,-18,6,6,0.218
52,18,2,0,0.111
53,-18,4,0,0.027
54,18,7,7,0.007
55,-18,6,1,0.002
56,18,1,6,0.002
57,-18,0,7,0
58,18,7,0,0.001
59,-18,1,7,0
60,18,6,0,0
61,-18,0,0,0
62,18,-1,-1,0
62,-18,1,1,0
63,18,1,0,0
64,-18,-1,-1,0
4,18,2,3,0
5,-6.9226,4,2,1.344
6,-0.108352,5,5,1.309
7,-1.44553,4,5,4.778
8,10.5344,5,4,3.505
9,7.06773,6,5,6.02
10,13.6813,4,6,12.216
11,14.38,3,7,17.712
12,13.2294,4,7,3.182
13,10.9613,5,7,3.093
14,13.5135,6,4,8.885
15,15.6113,3,5,9.026
16,9.03628,5,3,25.178
17,12.0323,5,2,4.588
18,10.0512,6,2,23.681
19,16.7707,7,2,5.611
20,9.3986,5,6,4.228
21,14.6533,6,3,23.644
22,11.4213,3,6,3.638
23,15.7876,2,6,2.856
24,6.01059,2,5,1.258
25,10.4091,2,7,1.864
26,5.32212,4,1,10.224
27,16.0706,2,4,8.054
28,1.50962,7,3,9.205
29,14.8637,7,4,1.467
30,-3.32541,7,5,11.637
31,16.9998,7,6,9.775
32,-10.5151,1,4,14.288
33,18.0822,0,4,4.177
34,-11.8206,0,5,6.643
35,16.1645,0,6,1.235
36,-19.9244,1,5,6.457
37,31.4414,6,7,2.778
38,-17.2316,5,1,4.26
39,28.3774,0,3,0.635
40,-18.4404,1,6,4.31
41,23.2513,1,2,0.741
42,-19.141,2,2,0.965
43,29.0323,1,3,0.661
44,-20.5254,0,2,1.076
45,29.0616,0,1,0.443
46,-26.403,1,1,1.959
47,27.3328,0,0,1.564
48,-18,3,1,61.548
49,18,3,2,5.208
50,-18,6,1,1.715
51,18,2,0,0.353
52,-18,1,0,0.167
53,18,2,1,0.018
54,-18,4,0,0.011
55,18,3,0,0.003
56,-18,5,0,0.001
57,18,7,0,0
58,-18,7,1,0
59,18,1,7,0
60,-18,0,7,0
61,18,6,0,0
62,-18,7,7,0
63,18,6,6,0
64,-18,-1,-1,0
64,18,-1,-1,0
4,2.27697e-305,2,3,0
5,-8.16334,4,2,1.571
6,-11.5344,5,5,1.649
7,-4.93768,4,5,4.948
8,3.0719,5,4,1.78
9,8.9743,6,5,14.165
10,15.3326,4,6,5.195
11,11.8851,3,7,16.66
12,7.90757,4,7,2.282
13,13.0287,5,7,3.245
14,15.1834,6,4,4.283
15,13.1129,3,5,10.286
16,8.10429,5,6,5.679
17,11.2186,5,3,8.429
18,1.25846,7,5,7.912
19,13.4328,3,6,2.688
20,-3.19008,2,5,9.157
21,15.237,2,6,5.267
22,-5.83399,2,7,16.349
23,17.8403,1,7,15.61
24,-12.5029,5,1,20.829
25,16.6866,1,5,3.308
26,-16.3097,1,4,14.093
27,19.6215,0,3,4.673
28,-22.7527,0,5,10.125
29,24.0478,2,4,1.56
30,-24.973,3,2,3.666
31,25.4856,5,2,0.809
32,-26.2525,6,3,7.218
33,24.7629,6,2,1.208
34,-26.2954,4,1,4.586
35,26.6896,7,2,1.46
36,-27.593,7,4,5.367
37,31.8272,5,0,1.181
38,-33.0855,6,1,10.334
39,35.2458,1,2,2.634
40,-32.3823,1,3,14.824
41,35.5697,0,2,1.433
42,-33.4194,1,6,3.831
43,40.5338,4,0,1.07
44,-41.187,6,6,9.628
45,42.941,6,0,2.588
46,-42.5605,3,0,0.59
47,45.0237,2,0,0.63
48,-52,3,1,27.96
49,52,0,7,2.319
50,-52,1,1,3.845
51,52,7,7,0.492
52,-52,0,6,0.213
53,52,0,4,0.043
54,-52,7,6,0.022
55,52,7,0,0.004
56,-52,7,1,0
57,52,7,3,0.001
58,-52,-1,-1,0
58,52,1,0,0
59,-52,0,1,0
60,52,6,7,0
61,-52,2,1,0
62,52,0,0,0
63,-52,-1,-1,0
63,52,2,2,0
64,-52,-1,-1,0
64,52,-1,-1,0
4,-52,2,3,0
5,-6.9226,4,2,1.422
6,-10.4621,5,5,2.098
7,-1.44553,4,5,4.615
8,9.1704,5,4,3.466
9,7.06773,6,5,5.949
10,16.4078,4,6,6.757
11,14.38,3,7,17.657
12,11.7813,4,7,3.81
13,10.9613,5,7,3.111
14,14.6509,6,4,5.17
15,15.6113,3,5,9.411
16,7.70392,5,6,9.138
17,10.3919,5,3,13.819
18,9.60508,7,5,15.755
19,15.5622,3,6,1.902
20,4.35639,2,5,12.354
21,15.8921,2,6,4.458
22,0.535916,2,7,18.237
23,19.6527,1,7,16.309
24,-4.90519,5,1,28.077
25,20.0288,1,5,3.432
4,1.10279e-305,2,3,0
5,18.8854,2,2,0.409
6,19.3877,3,2,0.213
7,24.7208,2,4,1.154
8,21.5562,1,3,1.565
9,24.6705,3,1,0.759
10,21.3389,4,1,3.296
4,1.72325e-307,2,3,0
5,24.7208,2,2,4.855
6,21.5562,3,2,2.547
7,21.6674,4,2,12.014
8,20.7837,3,1,13.414
4,4.89158e-307,2,3,0
5,24.7208,2,2,5.534
6,21.5562,3,2,3.066
7,21.6674,4,2,14.472
8,20.7837,3,1,13.734
9,20.328,1,3,11.298
10,18.4842,1,4,51.837
11,20.5751,2,4,26.406
12,17.3569,5,2,24.397
13,17.1772,5,1,62.715
14,14.1686,5,0,71.192
15,21.159,2,0,23.21
16,11.7511,3,0,17.086
17,17.1842,4,1,43.19
18,6.70057,5,3,21.871
19,19.2129,2,1,14.741
20,8.80755,4,0,8.813
21,15.6802,6,0,23.23
22,6.14779,4,5,53.331
23,20.1329,6,2,23.877
24,5.23064,2,5,33.758
25,12.0358,6,3,21.951
26,7.6384,7,4,45.862
27,13.4191,5,4,48.625
28,9.42467,5,5,84.793
29,9.37283,7,3,14.544
30,6.50939,7,2,32.875
31,10.4752,0,5,55.243
32,7.39293,3,5,17.487
33,5.15358,2,6,39.295
34,8.06132,0,4,58.056
35,5.30879,0,3,10.497
36,7.28391,1,5,17.235
37,4.75471,3,6,28.324
38,3.48643,0,2,26.496
39,4.18206,0,1,11.737
40,1.60111,1,2,12.829
41,2.14405,0,6,7.969
42,-1.35113,4,6,6.255
43,-0.416926,6,4,8.098
44,2.39802,1,1,12.309
45,-0.688742,3,7,13.854
46,8,5,7,99.422
47,-8,4,7,49.697
48,8,7,5,11.667
49,-8,0,0,0.974
50,8,1,0,0.351
51,-8,6,1,0.26
52,8,2,7,0.155
53,-8,1,7,0.059
54,8,0,7,0.014
55,-8,1,6,0.002
56,8,6,5,0.002
57,-8,5,6,0.001
58,8,7,0,0
59,-8,7,1,0
60,8,6,7,0
61,-8,6,6,0
62,8,7,7,0
63,-8,7,6,0
64,8,-1,-1,0
64,-8,-1,-1,0
4,8,2,3,0
5,16.1318,4,2,2.51
6,29.3467,5,5,2.432
7,14.2004,4,5,5.254
8,21.5306,5,4,6.158
9,17.088,2,4,23.427
10,23.7817,2,2,23.211
11,13.5318,2,5,27.804
12,16.5528,3,2,51.105
13,17.2786,3,1,91.568
14,20.4841,2,1,136.391
15,13.0558,5,3,50.232
16,13.7105,6,2,194.162
17,16.2564,6,4,237.661
18,16.7412,6,3,224.367
19,12.8851,5,2,117.721
20,9.99405,7,3,87.06
21,16.203,7,5,61.595
22,8.79703,3,5,167.126
23,15.3924,1,2,254.797
24,6.59032,2,0,306.114
25,15.9469,4,1,267.364
26,6.94755,5,0,103.629
27,14.2309,7,4,60.353
28,5.41827,7,2,31.523
29,8.81777,7,1,25.15
30,6.69587,5,1,66.17
31,8.57176,1,3,26.583
32,1.07157,6,5,26.044
33,7.24166,7,6,31.762
34,1.41895,1,4,49.923
35,9.02634,0,3,26.216
36,-3.43001,2,6,89.702
37,10.8653,2,7,28.868
38,-4.64131,1,5,43.286
39,15.4979,0,4,9.56
40,-4.70543,0,2,24.213
41,13.4507,0,1,6.624
42,-7.5908,0,6,29.108
43,15.9842,5,6,13.169
44,-11.8312,1,7,14.135
45,18.5961,4,6,7.827
46,-18,3,7,679.591
47,18,3,6,66.624
48,-18,0,5,24.259
49,18,0,7,1.47
50,-18,1,6,0.722
51,18,4,7,0.129
52,-18,1,1,0.064
53,18,4,0,0.07
54,-18,3,0,0.007
55,18,0,0,0.003
56,-18,1,0,0.002
57,18,6,0,0.001
58,-18,5,7,0
59,18,6,7,0
60,-18,6,1,0
61,18,6,6,0
62,-18,7,7,0
63,18,7,0,0
64,-18,-1,-1,0
64,18,-1,-1,0
4,1.42289e-306,2,3,0
5,14.9446,4,2,4.108
6,21.8423,5,5,3.208
7,13.6626,4,5,6.588
8,17.4707,5,4,6.856
9,17.3557,2,4,37.292
10,18.3388,2,2,26.195
11,13.2917,2,5,33.744
12,14.2499,3,2,55.843
13,18.0499,3,1,88.459
14,15.4976,5,2,79.443
15,12.9335,1,2,188.089
16,11.3813,3,5,231.97
17,17.8671,1,3,44.513
18,9.13393,1,4,89.152
19,12.6827,0,3,98.527
20,12.2115,1,5,118.889
21,14.8279,2,6,63.361
22,13.2848,0,5,67.961
23,10.4245,0,4,44.919
24,9.71974,0,2,55.566
25,9.6066,2,1,41.529
26,11.8265,3,6,39.92
27,6.05027,4,1,37.425
28,11.4777,5,0,47.29
29,2.17935,3,7,69.293
30,12.2304,4,6,39.373
31,-1.72599,5,3,26.29
32,11.294,4,7,101.729
33,0.775252,5,7,52.796
34,8.91581,5,6,49.467
35,-1.09633,4,0,15.192
36,8.05717,5,1,28.625
37,-3.85412,6,3,23.42
38,9.07691,2,7,20.832
39,-1.83255,1,7,22.115
40,6.91057,6,2,36.617
41,-5.54348,7,2,11.649
42,7.25426,2,0,13.131
43,-5.99148,6,0,5.129
44,9.58562,6,4,10.593
45,-7.90161,7,3,5.436
46,16,0,6,121.029
47,-16,6,7,37.52
48,16,7,5,13.53
49,-16,7,4,1.892
50,16,7,1,0.386
51,-16,6,1,0.179
52,16,6,5,0.151
53,-16,3,0,0.016
54,16,7,0,0.009
55,-16,1,0,0.005
56,16,0,0,0.001
57,-16,0,1,0.001
58,16,1,1,0
59,-16,0,7,0
60,16,1,6,0
61,-16,6,6,0
62,16,7,6,0
63,-16,7,7,0
64,16,-1,-1,0
64,-16,-1,-1,0
4,16,2,3,0
5,16.1318,4,2,3.173
6,21.5379,5,5,3.095
7,14.2004,4,5,5.718
8,16.612,5,4,6.747
9,17.088,2,4,22.876
10,18.4822,2,2,22.673
11,13.5318,2,5,27.314
12,14.067,3,2,30.4
13,17.2786,3,1,88.967
14,16.2395,5,2,65.356
15,13.2404,1,2,180.544
16,11.7313,3,5,195.094
17,17.7435,1,3,51.809
18,9.95007,1,4,89.883
19,13.3674,0,3,103.962
20,12.5761,0,5,44.625
21,15.4595,4,6,183.132
22,10.5611,3,6,173.376
23,15.1414,5,1,90.539
24,8.34391,4,1,71.258
25,12.2387,5,3,126.548
26,9.3638,6,3,79.543
27,10.7658,0,4,76.917
28,8.99357,2,0,186.395
29,6.91041,5,0,90.581
30,6.48392,3,0,54.054
31,7.85696,0,6,45.219
32,5.43803,1,5,53.171
33,2.32626,2,1,61.899
34,4.45996,3,7,219.982
35,-0.89022,6,2,24.794
36,6.1467,0,1,89.41
37,0.0795297,7,3,35.103
38,4.55047,1,0,31.31
39,2.01273,6,4,25.133
40,5.29751,4,0,23.916
41,1.52887,0,2,8.996
42,3.91928,0,7,6.251
43,1.7768,0,0,4.481
44,-1.49047,1,1,9.366
45,7.00131,6,6,13.747
46,-4,6,5,318.115
47,4,7,6,65.898
48,-4,7,7,25.571
49,4,6,7,2.991
50,-4,7,5,2.351
51,4,5,6,0.403
52,-4,7,4,0.262
53,4,6,1,0.083
54,-4,5,7,0.02
55,4,7,2,0.003
56,-4,7,0,0.003
57,4,4,7,0.001
58,-4,7,1,0
59,4,6,0,0.001
60,-4,-1,-1,0
60,4,1,6,0
61,-4,2,6,0
62,4,1,7,0
63,-4,2,7,0
64,4,-1,-1,0
4,1.00132e-303,2,3,0
5,16.1318,4,2,2.712
6,21.8423,5,5,2.744
7,14.2004,4,5,5.385
8,17.4707,5,4,6.64
9,17.088,2,4,23.827
10,18.3388,2,2,25.929
11,13.5318,2,5,28.089
12,14.2499,3,2,55.327
13,17.2786,3,1,91.397
14,15.4976,5,2,81.082
15,13.2404,1,2,183.909
16,11.3813,3,5,241.279
17,17.7435,1,3,54.182
18,9.13393,1,4,93.526
19,13.3674,0,3,106.477
20,12.2115,1,5,123.081
21,15.1988,2,6,60.7
22,13.2848,0,5,73.014
23,9.40534,0,4,43.852
24,9.71974,0,2,56.557
25,8.98415,2,1,42.691
26,11.8265,3,6,40.769
27,5.53909,4,1,38.045
28,11.4777,5,0,49.502
29,2.07696,4,6,90.121
30,11.3303,5,7,56.174
31,-0.963098,5,6,91.488
32,10.3267,4,0,30.93
33,-3.3453,3,0,21.191
34,8.73126,2,0,58.553
35,-7.67475,6,4,97.593
36,9.83503,6,3,32.813
37,-7.1841,6,5,44.276
38,10.8869,7,5,40.384
39,-7.17772,7,4,44.097
40,10.9841,7,3,10.649
41,-12.051,6,6,44.958
42,12.9968,7,6,23.565
43,-11.2561,1,1,7.431
44,13.0408,0,6,2.871
45,-10.8889,1,6,7.142
46,14,3,7,111.071
47,-14,5,3,30.521
48,14,6,2,7.203
49,-14,1,0,2.884
50,14,7,7,1.32
51,-14,2,7,0.299
52,14,6,7,0.073
53,-14,4,7,0.014
54,14,0,7,0.009
55,-14,1,7,0.002
56,14,0,0,0.001
57,-14,0,1,0
58,14,-1,-1,0
58,-14,7,2,0.001
59,14,7,1,0
60,-14,6,1,0
61,14,7,0,0
62,-14,5,1,0
63,14,6,0,0
64,-14,-1,-1,0
4,14,2,3,0
5,16.1318,4,2,2.797
6,21.8423,5,5,2.462
7,14.2004,4,5,5.277
8,17.4707,5,4,6.198
9,17.088,2,4,24.133
10,18.3388,2,2,25.433
11,13.5318,2,5,28.783
12,14.2499,3,2,54.757
13,17.2786,3,1,92.197
14,15.4976,5,2,80.024
4,5.82889e-303,2,3,0
5,16.1318,4,2,2.73
6,21.8423,5,5,2.505
7,14.2004,4,5,5.418
8,17.4707,5,4,5.939
9,17.088,2,4,22.295
10,18.3388,2,2,24.764
11,13.5318,2,5,26.46
12,14.2499,3,2,51.964
13,17.2786,3,1,87.866
14,15.4976,5,2,77.532
