604,592
566,103
0,0
595,582
3513,1902
3369,1608
3672,1753
89,44
504,45
1533,304
650,616
2784,310
1209,625
3965,1124
1735,1073
5087,1155
2246,1494
6166,1778
2790,1522
7309,2333
3338,1878
8344,2496
3837,2269
9373,3022
4371,2629
10561,3025
4938,3192
11627,3025
5484,3737
12793,3151
6018,4119
13967,3188
6622,4722
15100,3210
7214,5245
16589,3210
7942,5765
18250,3221
8673,6493
19877,3225
9405,7216
21228,3477
10075,7499
22540,3689
10733,7893
23835,3722
11413,8249
25196,4354
12186,8718
26743,4985
12996,9283
28286,5545
13920,10034
29942,6238
14944,10898
31742,6826
16258,12095
34117,7682
16258,12095
34117,7682
16258,12095
34117,7682
16258,12095
34117,7682
16258,12095
34117,7682
16258,12095
34117,7682
16258,12095
105,105
48,44
218,107
110,46
340,228
169,94
465,241
225,136
571,347
279,137
675,353
333,175
773,359
386,223
878,456
441,233
982,468
496,277
1093,472
548,320
1195,565
602,321
1293,589
653,336
1410,664
719,340
1560,814
790,342
1698,930
854,382
1833,947
921,437
1965,1075
990,448
2094,1084
1056,455
2219,1105
1119,462
2349,1233
1184,477
2481,1346
1257,495
2628,1472
1339,508
2766,1574
1423,518
2913,1696
1524,560
3102,1864
1524,560
3102,1864
1524,560
3102,1864
1524,560
3102,1864
1524,560
3102,1864
1524,560
3102,1864
1524,560
169,169
68,67
309,175
129,68
436,301
184,111
556,308
241,150
659,410
294,151
756,449
340,175
851,449
389,223
948,466
438,249
1047,466
491,301
1150,466
546,355
1258,486
596,375
1356,486
647,426
1458,486
701,480
1556,500
751,504
1648,500
806,558
1751,501
862,614
1866,552
925,637
1979,552
989,666
2098,552
1053,686
2229,661
1117,717
2354,741
1182,749
2482,820
1257,806
2607,887
1340,855
2771,997
1443,924
2951,1150
1443,924
2951,1150
1443,924
2951,1150
1443,924
2951,1150
1443,924
2951,1150
1443,924
2951,1150
1443,924
181,181
67,64
326,183
126,66
448,305
182,115
556,308
231,160
660,398
279,169
756,398
328,218
855,398
377,267
966,398
428,309
1072,398
482,363
1175,398
532,413
1279,398
588,469
1387,398
644,525
1493,398
704,585
1612,398
767,636
1732,398
839,708
1732,398
914,783
1866,398
985,823
2010,398
1068,879
2198,398
1186,962
2198,398
1275,1012
2355,432
1360,1065
2491,457
1443,1127
2638,494
1524,1192
2790,500
1630,1294
2960,519
1771,1422
2960,519
1956,1577
2960,519
1956,1577
2960,519
1956,1577
2960,519
1956,1577
2960,519
1956,1577
2960,519
1956,1577
2960,519
1956,1577
2960,519
1956,1577
168,168
65,65
295,174
121,68
418,297
179,114
543,304
236,162
648,403
293,182
765,403
350,239
883,403
409,298
1002,403
466,354
1121,403
520,408
1233,403
577,465
1342,403
633,521
1453,403
690,578
1568,403
750,638
1688,403
817,704
1814,403
887,774
1969,403
970,857
2159,403
1101,951
2159,403
1183,998
2341,403
1263,1054
2500,456
1345,1124
2654,462
1435,1201
2881,462
1559,1320
2881,462
1709,1470
3067,463
1822,1582
3251,480
1961,1713
3460,480
1961,1713
3460,480
1961,1713
3460,480
1961,1713
3460,480
1961,1713
3460,480
1961,1713
3460,480
1961,1713
3460,480
1961,1713
3460,480
1961,1713
165,165
65,61
313,170
125,62
439,296
182,103
557,310
231,137
660,413
282,137
756,449
328,166
857,469
377,201
949,561
422,201
1046,640
465,212
1134,687
510,232
1226,779
554,233
1317,818
595,264
1405,819
639,308
1496,909
682,308
1590,947
725,329
1675,999
768,349
1766,1090
816,352
1860,1116
866,361
1963,1142
919,365
2063,1230
975,375
2165,1289
1040,392
2275,1365
1112,400
2405,1438
1191,409
2541,1515
1284,446
2695,1638
1284,446
2695,1638
1284,446
2695,1638
1284,446
2695,1638
1284,446
2695,1638
1284,446
2695,1638
1284,446
112,112
233,105
210,113
631,288
330,233
1038,490
442,237
1476,658
536,331
1935,897
635,354
2406,1114
745,354
2907,1411
846,440
3431,1738
938,441
4005,2086
1038,441
4572,2433
1145,537
5202,2788
1235,541
5866,3228
1335,544
6562,3715
1441,609
7330,4287
1545,609
8143,4913
1657,609
8998,5655
1768,609
9964,6495
1870,609
11015,7425
1981,609
12172,8452
2101,648
13464,9624
2211,682
14901,10925
2317,728
16579,12327
2438,771
18591,14082
2577,813
20802,16124
2734,826
20802,16124
2734,826
20802,16124
2734,826
20802,16124
2734,826
20802,16124
2734,826
20802,16124
2734,826
20802,16124
2734,826
20802,16124
162,162
382,181
306,171
801,386
436,301
1228,565
556,303
1623,759
654,401
2081,964
752,416
2550,1171
840,427
3065,1440
941,516
3532,1716
1044,516
4096,2139
1144,516
4687,2594
1244,518
5317,3058
1340,518
5989,3607
1444,518
6705,4223
1548,518
7494,4940
1652,518
8334,5695
1764,518
9273,6572
1904,518
10603,7844
1904,518
11849,8958
1904,518
13202,10205
1904,518
14496,11251
1904,518
15742,12287
2091,519
17132,13433
2295,519
18746,14823
2551,519
20907,16774
2861,519
23711,19373
3262,519
26909,22363
3511,519
26909,22363
3511,519
26909,22363
3511,519
26909,22363
3511,519
26909,22363
3511,519
26909,22363
3511,519
26909,22363
3511,519
26909,22363
21,2
263,131
39,19
665,338
64,19
1078,527
88,20
1526,724
111,39
1995,950
135,41
2473,1178
160,41
2983,1455
185,60
3526,1737
210,61
4096,2014
234,62
4696,2332
259,80
5334,2736
283,81
5990,3162
308,86
6702,3640
333,87
7484,4221
361,89
8306,4806
389,90
9172,5432
419,91
10132,6205
452,91
11242,7146
490,91
12455,8184
538,93
13857,9340
596,97
15430,10662
661,105
17228,12169
740,111
19368,13984
837,123
21933,16096
974,130
21933,16096
974,130
21933,16096
974,130
21933,16096
974,130
21933,16096
974,130
21933,16096
974,130
21933,16096
974,130
21933,16096
28,2
391,178
51,21
781,361
73,23
1223,581
97,25
1679,799
119,42
2146,1033
142,49
2633,1257
163,51
3157,1510
184,69
3694,1773
204,75
4255,2092
225,75
4858,2530
247,81
5504,3058
271,81
6167,3617
295,81
6922,4292
322,82
7730,5026
350,82
8569,5767
379,82
9463,6556
411,82
10470,7430
445,83
11590,8436
482,83
12869,9610
524,86
14216,10879
573,86
15756,12353
633,87
17563,14081
709,88
19721,16209
802,89
22224,18645
939,89
22224,18645
939,89
22224,18645
939,89
22224,18645
939,89
22224,18645
939,89
22224,18645
939,89
22224,18645
939,89
22224,18645
29,1
388,174
56,24
746,346
81,27
1171,547
105,28
1615,766
130,51
2078,975
155,53
2556,1235
181,54
3078,1540
204,69
3614,1843
227,71
4169,2208
252,71
4772,2667
277,76
5406,3162
304,77
6085,3716
330,77
6800,4305
357,78
7581,4965
384,78
8407,5644
414,78
9277,6384
448,78
10274,7276
485,78
11377,8254
526,78
12569,9322
573,79
13893,10498
626,86
15384,11860
691,89
17187,13555
764,96
19282,15487
861,101
21688,17740
991,107
21688,17740
991,107
21688,17740
991,107
21688,17740
991,107
21688,17740
991,107
21688,17740
991,107
21688,17740
991,107
21688,17740
6,2
273,133
13,6
657,308
23,11
1068,496
35,15
1489,717
46,19
1938,968
57,24
2386,1239
70,28
2869,1562
83,30
3389,1907
97,34
3937,2274
111,38
4521,2622
126,44
5135,3004
142,48
5756,3433
160,51
6467,3969
180,54
7215,4532
203,57
7999,5140
228,59
8860,5841
257,63
9835,6671
289,64
10857,7564
328,68
11988,8582
372,71
13257,9749
418,71
14704,11109
472,72
16406,12703
543,74
18459,14662
639,75
20745,16877
771,76
20745,16877
771,76
20745,16877
771,76
20745,16877
771,76
20745,16877
771,76
20745,16877
771,76
20745,16877
10,8
376,186
20,15
735,349
30,22
1150,536
40,27
1575,745
51,32
2045,960
62,41
2524,1188
73,48
3023,1462
85,52
3543,1802
98,56
4120,2174
113,61
4701,2561
129,67
5329,2989
147,71
5975,3509
165,74
6675,4058
186,79
7421,4697
209,82
8221,5373
235,82
9101,6161
265,83
10041,6987
300,83
11122,7928
338,84
12326,9004
382,87
13640,10183
436,90
15105,11486
498,93
16857,13113
577,96
18955,15040
674,101
21273,17197
798,103
21273,17197
798,103
21273,17197
798,103
21273,17197
798,103
21273,17197
798,103
21273,17197
798,103
21273,17197
10,4
359,177
20,8
726,333
30,14
1153,486
41,19
1568,686
51,26
2020,881
62,36
2498,1086
73,42
3002,1294
85,46
3508,1543
98,52
4056,1817
112,60
4641,2110
126,67
5254,2411
141,73
5886,2736
157,81
6593,3071
174,90
7342,3473
192,97
8149,3923
213,104
8977,4380
236,113
9934,4875
263,128
10993,5434
294,142
12182,5976
333,169
13473,6613
377,192
14982,7363
432,217
16734,8492
501,245
18749,9805
587,272
21218,11471
716,300
21218,11471
716,300
21218,11471
716,300
21218,11471
716,300
21218,11471
716,300
21218,11471
716,300
21218,11471
242,130
7,3
579,292
17,10
971,495
27,12
1405,720
38,17
1841,942
49,24
2305,1169
60,31
2794,1420
73,36
3312,1671
87,43
3856,1954
101,47
4432,2305
116,54
5029,2706
134,62
5671,3125
152,68
6362,3602
171,70
7060,4140
190,73
7817,4751
213,74
8657,5406
238,77
9546,6129
267,83
10549,6920
298,84
11623,7818
332,86
12829,8846
373,92
14209,9962
422,97
15735,11211
480,104
17550,12682
556,116
19405,14203
649,125
21746,16272
649,125
21746,16272
649,125
21746,16272
649,125
21746,16272
649,125
21746,16272
649,125
21746,16272
649,125
372,185
10,8
740,388
20,15
1137,600
31,20
1567,817
42,24
2016,1066
52,28
2472,1296
64,36
2953,1539
76,39
3461,1827
88,43
4024,2130
103,49
4589,2428
118,58
5205,2754
134,65
5861,3111
151,72
6524,3473
170,83
7248,3903
191,88
8018,4452
214,93
8860,5074
238,99
9733,5721
266,103
10745,6433
293,112
11703,7071
332,126
12887,7830
379,141
14276,8790
437,154
15835,9942
504,164
17702,11363
591,181
19971,13215
712,198
22834,15635
712,198
22834,15635
712,198
22834,15635
712,198
22834,15635
712,198
22834,15635
712,198
22834,15635
712,198
389,199
10,3
784,405
20,7
1194,650
31,9
1621,941
42,11
2067,1215
53,13
2525,1512
65,20
3007,1842
77,23
3530,2171
90,27
4053,2501
104,34
4618,2882
119,41
5230,3287
135,47
5884,3718
151,52
6570,4187
170,55
7300,4751
189,60
8088,5338
209,62
8957,5963
232,67
9873,6661
258,71
10912,7488
286,72
12020,8400
320,75
13284,9454
360,78
14705,10680
408,80
16283,12109
467,82
18145,13819
547,86
20480,16040
669,87
23788,19294
669,87
23788,19294
669,87
23788,19294
669,87
23788,19294
669,87
23788,19294
669,87
23788,19294
669,87
23788,19294
669,87
228,119
798,754
516,296
1884,1229
929,519
2971,1835
1356,748
4036,2824
1801,981
5131,3101
2264,1231
6215,3937
2761,1501
7290,4926
3299,1787
8425,5375
3828,2064
9513,6349
4397,2353
10586,7317
5002,2686
11681,7359
5645,3004
12804,8354
6335,3345
13939,9374
7070,3723
15063,9554
7862,4114
16218,10020
8688,4522
17396,10651
9597,4951
18491,11216
10586,5456
19645,11902
11700,5914
20808,12544
12907,6517
22025,12892
14252,7350
23257,13315
15870,8314
25030,13934
17753,9434
27044,14642
19972,10843
29389,15353
22789,12740
29389,15353
22789,12740
29389,15353
22789,12740
29389,15353
22789,12740
29389,15353
22789,12740
29389,15353
22789,12740
29389,15353
387,206
1072,953
787,425
2140,1566
1167,627
3183,2232
1579,822
4311,3156
2006,1064
5419,3713
2479,1303
6533,4512
2963,1591
7619,5443
3467,1853
8730,5780
3987,2161
9822,6348
4559,2542
10934,7097
5169,2986
12052,7108
5798,3421
13176,7582
6469,3931
14301,8116
7142,4424
15450,8198
7925,4989
16211,8266
8654,5515
17300,8457
9587,6080
18297,8751
10577,6667
19480,9189
11665,7193
20670,9746
12953,7718
21779,10306
14382,8252
23050,11136
16054,8709
24762,12344
18088,9219
26810,13898
20520,9610
29289,15975
23979,9954
29289,15975
23979,9954
29289,15975
23979,9954
29289,15975
23979,9954
29289,15975
23979,9954
29289,15975
23979,9954
29289,15975
23979,9954
29289,15975
386,218
1095,995
773,430
2072,1388
1157,631
3180,2012
1581,858
4302,3027
2010,1091
5424,3413
2483,1349
6491,4278
2968,1630
7602,5260
3474,1920
8735,5336
3982,2236
9870,6141
4560,2616
10962,7018
5177,3038
12107,7179
5812,3444
13224,8009
6489,3868
14329,8849
7212,4339
15481,8893
7975,4837
16665,9059
8844,5378
17784,9277
9749,5944
18940,9612
10742,6540
20100,9949
11820,7179
21258,10408
13046,7918
22436,10850
14421,8729
23792,11384
15984,9624
25532,12122
17815,10713
27645,12715
20137,12333
30109,13419
22952,14177
30109,13419
22952,14177
30109,13419
22952,14177
30109,13419
22952,14177
30109,13419
22952,14177
30109,13419
22952,14177
30109,13419
1237,404
731,647
2496,418
1766,893
4356,1192
2845,1662
6182,1286
3934,2636
7928,2314
5017,3145
9597,2956
6092,3920
11415,2967
7156,4970
13296,3640
8242,5723
15158,4169
9363,6413
16980,4292
10465,7407
18858,4930
11606,7757
20737,6108
12714,8532
22576,6615
13848,9400
24386,7963
15016,9734
26281,8841
16175,10263
28176,9262
17318,10690
30047,10736
18489,11235
31947,11975
19655,11716
33891,13021
20821,12253
35845,14245
21999,12613
37797,15269
23325,13095
39848,16608
25022,13699
41793,18141
27018,14118
43651,19659
29357,14693
45679,21190
29357,14693
45679,21190
29357,14693
45679,21190
29357,14693
45679,21190
29357,14693
45679,21190
29357,14693
45679,21190
29357,14693
1961,554
1091,1011
3706,570
2181,1445
5466,1200
3267,2060
7256,1383
4402,2998
9061,2352
5511,3628
10934,3488
6591,4129
12804,4782
7746,4753
14661,5989
8893,5364
16483,7015
9987,5853
18345,7897
11134,6550
20163,9038
12256,6946
22059,10035
13380,7632
23947,10652
14500,8290
25834,12114
15685,8612
27766,13793
16861,8928
29717,15460
18020,9273
31634,17250
19195,9641
33588,18651
20367,10042
35568,19914
21570,10532
37499,21341
22719,10881
39469,22757
24105,11211
41455,24195
25752,11577
43425,25621
27669,11989
45496,26937
30072,12579
47569,28443
30072,12579
47569,28443
30072,12579
47569,28443
30072,12579
47569,28443
30072,12579
47569,28443
30072,12579
47569,28443
30072,12579
1884,499
1085,1026
3728,514
2165,1430
5488,1367
3276,2248
7321,1403
4351,3242
9119,2201
5444,3528
11019,2976
6539,4190
12867,3180
7644,5071
14706,4206
8697,5246
16517,4998
9808,6105
18398,5011
10934,7194
20240,5875
12063,7388
22073,6602
13156,8444
23944,6629
14297,9530
25809,7228
15437,9858
27737,8049
16565,10418
29686,8080
17722,10883
31546,8952
18883,11271
33492,9865
20048,11748
35403,11108
21236,12068
37386,12773
22379,12240
39295,14303
23648,12457
41217,15980
25368,12855
43205,17700
27382,13270
45210,19427
29858,13680
47329,21340
29858,13680
47329,21340
29858,13680
47329,21340
29858,13680
47329,21340
29858,13680
47329,21340
29858,13680
47329,21340
29858,13680
47329,21340
29858,13680
1206,506
285,144
2616,516
685,332
4418,1187
1099,519
6192,1302
1517,703
8023,1803
1967,883
9854,2481
2444,1138
11763,2765
2940,1393
13685,4308
3475,1563
15566,6138
4038,1685
17519,8082
4649,1833
19385,9926
5282,1995
21236,11761
5925,2180
23054,13476
6632,2355
24833,15243
7381,2539
26774,17181
8182,2724
28644,18954
9080,2948
30512,20780
10040,3191
32471,22603
11149,3447
34380,24305
12448,3665
36462,26280
14131,3869
38700,28471
16115,4019
40901,30651
18447,4127
43177,32917
20603,4285
45360,35066
23516,4437
47674,37365
23516,4437
47674,37365
23516,4437
47674,37365
23516,4437
47674,37365
23516,4437
47674,37365
23516,4437
47674,37365
23516,4437
1832,512
376,203
3482,569
769,383
5311,1098
1180,580
7173,1372
1613,813
8944,2204
2077,1048
10853,2808
2543,1285
12763,3064
3026,1498
14684,3637
3551,1825
16538,4005
4113,2193
18436,4007
4692,2580
20322,4332
5330,2980
22145,4758
6001,3403
23955,4764
6710,3841
25836,5583
7463,4260
27754,6123
8297,4661
29681,6143
9178,5105
31529,7060
10112,5667
33504,8419
11181,6278
35390,9640
12367,6883
37302,11109
13686,7500
39252,12435
15163,8167
41198,14062
16941,8952
43221,15726
19039,9836
45154,17179
21826,10719
47510,18811
21826,10719
47510,18811
21826,10719
47510,18811
21826,10719
47510,18811
21826,10719
47510,18811
21826,10719
47510,18811
21826,10719
1754,490
367,165
3560,627
760,360
5589,1479
1234,590
7441,2463
1673,800
9214,3347
2127,1044
11089,3889
2589,1332
12960,4002
3097,1707
14780,4349
3626,2136
16569,4550
4178,2585
18457,4550
4756,3063
20343,4893
5387,3592
22213,5097
6049,4122
24100,5097
6750,4738
25988,5188
7537,5421
27887,5358
8344,6108
29781,5358
9224,6895
31699,5368
10167,7740
33594,5668
11210,8675
35501,5904
12366,9665
37416,6181
13631,10802
39331,6319
15090,12142
41216,6455
16784,13676
43167,6469
18762,15588
45140,6473
21179,17989
47210,6485
21179,17989
47210,6485
21179,17989
47210,6485
21179,17989
47210,6485
21179,17989
47210,6485
21179,17989
47210,6485
21179,17989
47210,6485
21179,17989
1241,489
928,476
2882,511
2257,1100
4721,1206
3639,2330
6616,1348
5013,2925
8521,1975
6415,3517
10446,2724
7856,4781
12275,2725
9276,5717
14211,3139
10643,7049
16100,3326
11978,8381
18022,3338
13319,9395
19906,3475
14727,10696
21826,3811
16090,12031
23692,3824
17487,12798
25583,4236
18916,14108
27468,4631
20330,15502
29424,4643
21744,16460
31346,4978
23208,17496
33257,5361
24641,18611
35220,5628
26075,19818
37203,5803
27540,21118
39128,5884
29002,22425
41066,6010
30508,23811
43097,6137
32208,25372
45109,6328
34522,27549
47148,6364
34522,27549
47148,6364
34522,27549
47148,6364
34522,27549
47148,6364
34522,27549
47148,6364
34522,27549
47148,6364
34522,27549
1795,494
1335,665
3649,605
2677,1072
5377,1413
4034,2279
7121,1416
5324,3287
8774,1803
6588,4131
10505,2163
7819,5310
12239,2203
9078,5974
14070,2624
10384,7094
15793,3082
11695,8375
17565,3106
12883,9300
18970,3560
14217,10502
20826,3639
15471,11756
22657,3639
16758,12885
24443,3714
18156,14262
26304,3943
19352,15455
28217,3943
20721,16508
30084,3944
22184,17929
31999,4065
23633,19235
33961,4092
25067,20648
35928,4218
26468,21994
37967,4244
27972,23422
40013,4258
29454,24854
41904,4267
31281,26387
43962,4306
33617,28379
46040,4458
33617,28379
46040,4458
33617,28379
46040,4458
33617,28379
46040,4458
33617,28379
46040,4458
33617,28379
46040,4458
33617,28379
46040,4458
33617,28379
1889,622
1371,732
3697,746
2700,1119
5536,1491
4085,2365
7372,1492
5440,3411
9247,1880
6819,4325
11134,2212
8208,5711
12943,2213
9630,6802
14809,2931
11049,7768
16609,3542
12414,9064
18421,3596
13862,10201
20282,4382
15302,11061
22149,4959
16693,12336
23956,5078
18128,13389
25836,5978
19569,14053
27716,6473
21058,15104
29697,6574
22533,15710
31543,7783
23993,16241
33465,9043
25443,16797
35255,10402
26829,17092
37172,12019
28343,17448
39086,13540
29810,17862
41095,15241
31346,18369
43043,16687
33232,18866
45093,18252
35604,19443
47393,19920
35604,19443
47393,19920
35604,19443
47393,19920
35604,19443
47393,19920
35604,19443
47393,19920
35604,19443
47393,19920
35604,19443
885,388
263,126
2080,483
653,316
3381,1017
1063,516
4748,1721
1491,703
6142,1948
1966,901
7547,2633
2441,1095
8928,3479
2949,1327
10334,3872
3474,1555
11777,5013
4036,1726
13170,6079
4628,1898
14601,7051
5212,2047
15922,8341
5859,2238
17286,9296
6571,2457
18736,10219
7332,2659
20147,11568
8123,2862
21579,12694
8995,3059
22983,13768
9969,3234
24451,15035
11031,3431
25918,16180
12288,3730
27468,17502
13773,3964
29073,18974
13773,3964
30607,20397
15384,4254
32186,21787
17254,4542
33918,23319
19473,4859
36349,25434
22348,5024
36349,25434
22348,5024
36349,25434
22348,5024
36349,25434
22348,5024
36349,25434
22348,5024
36349,25434
22348,5024
36349,25434
22348,5024
1337,442
367,167
2660,600
765,359
4001,1136
1198,533
5407,2207
1619,658
6761,3041
2062,790
8146,4285
2554,923
9598,5618
3070,1076
11048,6979
3613,1210
12466,8358
4247,1357
13897,9787
4852,1529
15329,11104
5484,1673
16682,12444
6125,1844
18089,13627
6834,2055
19514,14730
7591,2268
20971,16154
8432,2479
22407,17388
9315,2695
23890,18726
10311,2912
25389,20094
11373,3148
26887,21427
12650,3378
28383,22859
14122,3631
29901,24315
15725,3824
31458,25803
17571,4064
33120,27385
20013,4336
35628,29648
22763,4540
38518,32308
22763,4540
38518,32308
22763,4540
38518,32308
22763,4540
38518,32308
22763,4540
38518,32308
22763,4540
38518,32308
22763,4540
38518,32308
22763,4540
1398,515
390,182
2805,860
787,378
4166,1433
1196,578
5527,1936
1631,795
6854,2114
2103,1016
8214,2787
2574,1211
9636,3396
3068,1431
11015,3590
3587,1715
12337,4306
4156,2067
13750,4420
4759,2463
15123,4433
5385,2852
16508,4701
6062,3316
17864,4831
6775,3808
19259,4836
7547,4311
20740,5308
8375,4907
22168,5768
9262,5494
23578,6095
10217,6157
25070,6450
11254,6958
26563,6683
12418,7857
28013,6895
13704,8826
29476,7222
15188,9975
31005,7572
16929,11279
32583,7872
19017,12758
34793,8485
21579,14505
37651,9312
21579,14505
37651,9312
21579,14505
37651,9312
21579,14505
37651,9312
21579,14505
37651,9312
21579,14505
37651,9312
21579,14505
890,396
261,125
1209,454
386,200
1422,734
413,189
1356,509
441,242
1357,19
460,277
1410,416
498,317
1425,578
498,304
1379,40
534,286
1330,962
571,320
1396,494
591,343
1383,71
634,371
1362,943
657,336
1372,491
714,359
1349,31
751,409
1298,1106
832,456
1338,901
781,305
1401,1007
902,342
1437,1086
1036,398
1427,859
1129,411
1467,963
1346,401
1537,1025
1504,410
1449,766
1784,591
1433,750
2073,585
2219,1471
2320,723
2739,1707
0,0
0,0
0,0
0,0
0,0
0,0
0,0
0,0
0,0
0,0
0,0
1292,466
389,200
1214,117
391,183
1298,755
362,163
1273,463
420,242
1224,45
463,295
1225,431
442,297
1209,216
418,292
1133,1
470,368
1104,525
535,409
1386,338
578,460
1414,2
609,471
1346,760
664,491
1417,113
682,518
1469,4
756,589
1374,538
803,557
1383,484
867,674
1470,590
938,660
1495,591
1147,524
1472,792
1185,584
1468,735
1291,524
1482,632
1470,532
1631,650
2069,598
2440,1701
3128,580
2967,2392
0,0
3360,2950
0,0
4209,4016
0,0
0,0
0,0
0,0
0,0
0,0
0,0
0,0
0,0
0,0
0,0
0,0
0,0
1344,438
372,184
1368,141
377,170
1277,463
394,178
1252,663
420,192
1371,294
451,222
1377,758
461,223
1376,622
511,230
1416,206
514,251
1330,875
541,284
1448,158
570,350
1250,129
613,260
1379,1013
654,297
1469,588
715,315
1491,319
779,283
1462,1296
861,247
1457,965
915,250
1460,1021
1031,284
1456,1151
1113,309
1448,1068
1192,372
1463,1127
1194,316
1429,1075
1593,336
1450,1133
1900,474
1149,921
2063,442
2411,1893
2466,436
2899,2280
0,0
0,0
0,0
0,0
0,0
0,0
0,0
0,0
0,0
0,0
0,0
0,0
0,0
0,0
0,0
707,387
233,109
928,233
342,171
1216,682
340,185
1200,423
383,206
1121,170
306,174
1020,394
449,301
1045,128
463,389
1362,1
487,372
1296,646
497,383
1276,169
596,461
1394,0
606,481
1410,337
646,487
1444,133
733,542
1437,1
760,589
1473,585
834,626
1479,278
869,635
1473,317
992,709
1468,637
1085,602
1498,535
1197,692
1523,721
1301,744
1480,542
1532,844
1526,683
1818,829
1590,665
2097,884
2351,1501
2455,536
3062,2371
0,0
0,0
0,0
0,0
0,0
0,0
0,0
0,0
0,0
0,0
0,0
0,0
0,0
1332,478
376,175
1339,159
370,168
1337,762
411,187
1325,449
416,219
1401,44
449,290
1432,229
497,354
1413,249
521,415
1423,0
550,463
1441,225
572,486
1435,203
588,482
1452,0
631,538
1456,263
675,564
1466,0
714,592
1471,0
783,689
1481,22
845,753
1444,25
865,808
1493,41
967,883
1517,50
1046,948
1468,27
1161,1068
1449,22
1285,1201
1481,12
1481,1390
1493,21
1644,1513
1487,36
2061,1915
2104,133
2526,2340
2721,105
0,0
0,0
0,0
0,0
0,0
0,0
0,0
0,0
0,0
0,0
0,0
1424,485
387,206
1401,91
416,211
1350,633
422,218
1408,690
448,243
1353,121
476,234
1376,1176
493,243
1460,453
501,259
1434,114
522,251
1368,1142
567,255
1425,832
594,202
1484,914
619,219
1465,1445
682,228
1448,1212
710,167
1437,1274
789,208
1525,1520
840,211
1524,1329
896,232
1467,1231
994,271
1418,1216
1114,279
1503,1178
1209,308
1484,1205
1333,405
1478,1118
1584,521
1528,1185
1832,631
1527,1123
2052,645
2288,1419
2636,923
2761,1657
0,0
0,0
0,0
0,0
0,0
0,0
0,0
0,0
0,0
0,0
0,0
0,0
0,0
889,398
268,129
1011,231
422,186
1406,711
426,227
1406,536
453,255
1379,36
466,276
1385,712
497,310
1429,512
512,289
1413,99
548,335
1452,364
594,357
1410,478
598,366
1482,93
623,368
1433,422
656,396
1456,471
717,399
1444,26
767,555
1449,596
841,423
1425,693
877,451
1468,727
955,535
1491,955
1083,548
1449,820
1226,620
1472,830
1355,630
1535,889
1527,691
1539,718
1770,815
1522,618
2102,784
2268,1418
2539,590
2963,2189
0,0
0,0
0,0
0,0
0,0
0,0
0,0
0,0
0,0
0,0
0,0
0,0
0,0
1401,546
371,186
1405,358
388,181
1422,741
413,203
1450,437
445,222
1390,154
466,247
1374,771
478,235
1423,601
514,293
1360,115
549,309
1396,518
560,359
1458,421
593,381
1423,47
645,399
1401,980
682,421
1403,387
718,432
1483,3
757,568
1421,377
845,646
1467,242
890,725
1455,125
994,814
1437,208
1087,877
1425,107
1172,1000
1444,105
1286,1120
1453,24
1494,1375
1459,17
1748,1656
1597,31
2061,1933
2448,52
2653,2568
3907,69
0,0
0,0
0,0
0,0
0,0
0,0
0,0
0,0
0,0
0,0
0,0
0,0
0,0
0,0
0,0
1388,495
378,193
1414,99
360,164
1309,558
427,200
1439,518
424,214
1396,196
467,254
1438,536
484,308
1429,304
510,312
1460,68
526,349
1434,198
558,415
1482,61
585,416
1456,0
637,493
1433,287
642,492
1430,7
692,533
1509,0
756,614
1482,227
821,609
1527,404
845,637
1505,354
969,713
1478,446
1045,794
1476,226
1219,932
1451,371
1325,895
1522,467
1504,1026
1452,288
1802,1240
1555,320
2148,1263
2254,867
2659,1450
2835,1187
0,0
0,0
0,0
0,0
0,0
0,0
0,0
0,0
0,0
0,0
0,0
252,113
265,128
330,148
384,186
398,215
429,222
422,237
437,198
450,229
462,168
452,273
488,173
497,311
502,191
514,303
541,193
539,333
575,250
572,333
606,231
615,351
631,258
643,376
663,273
690,402
721,316
734,316
744,409
789,370
799,450
874,413
875,482
955,340
971,654
1053,243
1076,817
1248,258
1174,870
1169,263
1336,1035
1368,292
1497,1125
1632,276
1771,1501
1925,221
2094,1754
2440,279
2752,2447
3587,172
0,0
0,0
0,0
0,0
0,0
0,0
0,0
0,0
0,0
0,0
0,0
0,0
0,0
0,0
0,0
396,223
380,171
386,179
404,187
403,201
431,212
420,208
440,226
445,237
465,229
446,267
484,142
490,336
512,177
499,343
538,191
530,348
567,193
583,372
595,224
618,388
630,249
666,409
676,228
706,461
697,226
764,492
752,267
810,549
836,256
828,561
852,262
972,668
882,297
1048,706
1073,288
1112,742
1204,375
1246,782
1343,501
1447,858
1481,544
1657,998
1751,627
1832,1146
2049,624
2282,1541
2479,689
2856,2124
0,0
0,0
0,0
0,0
0,0
0,0
0,0
0,0
0,0
0,0
0,0
365,183
355,170
410,206
389,182
416,210
398,220
447,218
451,217
436,208
471,241
449,211
485,230
496,266
521,282
518,223
550,331
521,191
577,363
585,202
589,369
614,235
652,403
640,253
697,414
652,251
715,440
744,256
775,534
804,267
874,555
937,216
932,725
867,203
998,732
1036,289
1083,767
1149,224
1195,953
1245,251
1308,1037
1404,235
1434,1150
1670,313
1674,1322
1949,225
2053,1768
2244,268
2424,2088
2695,301
0,0
0,0
0,0
0,0
0,0
0,0
0,0
0,0
0,0
0,0
0,0
892,499
266,122
989,57
401,193
1323,651
417,178
1388,780
451,192
1399,197
450,183
1396,1320
481,196
1429,326
488,204
1433,97
547,270
1360,1138
560,249
1434,251
574,263
1444,112
643,274
1466,1243
670,299
1416,334
717,357
1448,189
761,284
1452,1210
782,281
1441,619
879,359
1435,633
943,360
1514,914
1035,395
1488,872
1186,525
1431,773
1297,482
1474,686
1492,664
1506,617
1722,938
1548,456
2178,1225
2247,914
2531,1370
2689,1016
0,0
0,0
0,0
0,0
0,0
0,0
0,0
0,0
0,0
0,0
0,0
1328,466
369,187
1416,456
383,186
1426,582
407,181
1381,571
427,203
1423,529
434,176
1335,599
434,189
1466,712
504,229
1447,699
518,171
1436,1212
553,190
1487,1220
594,196
1415,1084
645,227
1430,1229
612,223
1440,1148
718,251
1450,919
778,216
1440,1221
842,307
1484,1086
801,243
1455,1058
966,303
1492,1129
1070,317
1455,1043
1216,345
1506,1135
1336,373
1516,1147
1515,325
1544,1282
2052,366
1629,1348
2554,221
2531,2341
3202,168
3140,2969
0,0
0,0
0,0
0,0
0,0
0,0
0,0
0,0
0,0
0,0
0,0
0,0
0,0
1368,447
380,166
1246,94
389,181
1270,534
432,193
1351,614
459,196
1345,206
466,234
1393,513
499,267
1359,397
521,274
1356,7
542,353
1348,467
549,365
1395,335
611,374
1370,11
625,375
1420,894
680,398
1355,70
721,443
1415,7
775,482
1411,599
838,496
1413,250
821,512
1461,112
988,715
1434,159
1078,790
1456,103
1167,840
1497,203
1282,944
1593,212
1503,1219
1734,166
1810,1630
2060,80
2286,2174
3194,126
2856,2701
3080,88
0,0
0,0
0,0
0,0
0,0
0,0
0,0
0,0
0,0
0,0
0,0
0,0
0,0
941,393
247,112
1047,228
405,195
1410,473
413,229
1427,384
402,246
1414,11
453,280
1401,719
482,315
1428,452
514,339
1431,35
524,306
1373,1089
563,324
1433,3
588,443
1441,0
619,471
1409,236
683,511
1378,50
732,560
1396,2
773,598
1428,499
823,609
1433,357
879,641
1464,308
1006,734
1443,293
1056,783
1470,230
1197,824
1424,257
1326,978
1464,157
1536,1208
1482,171
1741,1431
1551,136
2027,1724
2165,359
2407,1922
2839,461
0,0
0,0
0,0
0,0
0,0
0,0
0,0
0,0
0,0
0,0
0,0
0,0
0,0
1391,514
367,194
1415,69
392,190
1383,553
422,194
1413,758
429,179
1423,305
453,238
1413,784
474,217
1417,666
493,207
1345,316
527,258
1377,1091
563,290
1400,589
611,305
1427,581
659,236
1400,1317
672,240
1425,1000
720,201
1452,1018
786,164
1463,1461
828,236
1412,1138
884,207
1452,1204
968,220
1492,1445
1060,200
1502,1418
1154,262
1451,1428
1277,318
1535,1451
1452,457
1576,1450
1680,454
1589,1422
2008,469
2242,1648
2472,600
2796,2029
0,0
0,0
0,0
0,0
0,0
0,0
0,0
0,0
0,0
0,0
0,0
1447,464
341,162
1275,478
394,194
1398,706
413,215
1404,488
434,216
1381,222
462,274
1462,289
480,320
1440,238
531,353
1382,0
506,400
1208,274
564,435
1447,234
589,466
1402,0
629,507
1440,372
661,514
1413,31
743,581
1460,4
792,636
1415,97
835,676
1419,190
934,716
1454,188
995,776
1440,113
1043,846
1511,86
1141,913
1459,129
1331,1053
1493,114
1529,1236
1543,109
1797,1344
1907,427
2564,1414
2908,1322
3694,1783
3433,1704
0,0
0,0
0,0
0,0
0,0
0,0
0,0
0,0
0,0
0,0
0,0
0,0
0,0
974,376
280,135
1088,74
1272,419
271,142
1541,52
421,189
1917,974
501,212
1890,765
440,214
1871,698
469,246
1877,675
484,222
1954,193
512,242
1951,865
532,270
1924,996
560,248
1916,461
597,247
1986,1270
596,248
1922,1038
654,306
1853,679
726,304
1859,1354
781,294
1929,1510
814,307
1896,1240
911,219
1935,1794
1010,228
1937,1809
1142,206
1981,1832
1247,238
1998,1917
1474,205
2045,1943
1752,157
2022,1994
1762,99
1984,1965
1990,102
2266,2215
2582,121
2171,2156
0,0
0,0
0,0
0,0
0,0
0,0
0,0
0,0
0,0
0,0
0,0
1850,519
392,179
1881,34
395,173
1798,630
410,187
1783,585
431,189
1842,956
453,138
1909,1450
471,139
1939,789
507,176
1906,1655
529,178
2001,1719
536,119
1965,1708
572,167
1926,1688
633,146
1867,1829
668,211
1914,1586
724,196
1901,1856
783,253
1709,1599
842,240
1932,1841
926,291
1933,1901
972,306
1928,1601
1073,300
1955,1502
1184,388
1898,1533
1314,468
2077,1591
1447,511
2012,1801
1669,508
2027,1738
2001,694
1965,1538
2464,860
2172,1331
0,0
0,0
0,0
0,0
0,0
0,0
0,0
0,0
0,0
0,0
0,0
1938,674
375,171
1893,152
394,186
1781,801
433,253
1850,204
439,246
1780,680
469,280
1849,275
480,345
1927,1
518,361
1943,73
516,348
1859,323
532,410
1941,1
596,437
1661,555
646,473
1924,516
667,469
1966,15
690,488
1974,815
734,534
2019,596
813,609
1831,3
933,638
1904,1087
1003,690
2020,1368
1083,695
1944,931
1262,817
1934,1142
1419,868
1974,339
1619,1000
1987,350
1811,1155
2096,328
2174,1474
2101,334
2791,1850
2494,647
0,0
0,0
0,0
0,0
0,0
0,0
0,0
0,0
0,0
0,0
0,0
0,0
0,0
1297,30
0,0
1224,1192
1128,558
1096,521
948,924
855,22
837,804
794,785
832,47
816,731
761,713
877,2
849,178
833,374
923,8
934,113
1006,114
983,82
1003,64
1110,89
1077,46
1199,105
1370,164
1746,92
3966,1904
0,0
0,0
0,0
0,0
0,0
0,0
0,0
997,11
680,551
0,0
805,659
1444,776
884,696
1426,742
927,739
1393,605
0,0
220,133
950,90
311,160
1170,948
338,177
1303,1225
415,194
1388,149
440,223
1398,1203
450,232
1036,984
476,260
1342,56
503,251
1401,1251
537,291
1455,1354
562,326
1366,52
625,317
1341,1222
523,260
1368,1282
0,0
1212,673
895,174
1497,100
1355,568
1883,703
1416,1288
1937,1
1346,1081
1860,81
1412,1411
1761,70
1403,1403
1880,0
1440,1211
1862,9
1401,1392
1832,6
1435,1428
1850,3
1439,1396
1984,0
1436,1436
1896,0
1382,1381
2030,0
1527,1527
1905,0
1562,1562
2273,0
1598,1597
0,0
1442,1377
1977,0
1509,1465
2106,15
1526,1500
1940,5
1583,1554
2343,3
2175,2168
2723,2
2014,2010
2640,0
2468,2456
3276,1
3186,3163
0,0
5945,5887
10698,5
11500,11495
5397,2
0,0
0,0
0,0
0,0
0,0
0,0
0,0
0,0
0,0
0,0
0,0
0,0
0,0
0,0
0,0
0,0
0,0
1795,788
1372,603
1962,83
1474,678
1808,851
1440,1353
1891,68
1402,64
1924,1842
1368,1004
1920,744
1344,1087
1820,163
1378,272
1928,1589
1421,900
1946,839
1426,1025
1932,762
1363,3
1698,1693
1144,248
1959,1544
1400,280
1844,1436
1397,0
1915,1915
1459,64
1861,1823
1467,4
1937,1936
1495,9
1900,1900
1441,16
1914,1886
1444,22
1904,1774
1507,10
1903,1894
1465,17
2030,2018
1506,17
2010,2005
1482,12
2025,1999
1749,85
2017,2004
2313,218
2216,2176
0,0
0,0
0,0
0,0
0,0
0,0
0,0
0,0
0,0
0,0
0,0
0,0
0,0
1873,740
1431,675
1809,139
1415,566
1877,544
1386,1257
1841,0
1351,1241
1921,0
1307,1307
1805,0
1368,1368
2241,0
1354,1354
2568,0
1762,1762
0,0
1560,1560
0,0
1394,1394
1452,0
1304,1300
1714,1
1359,1351
2272,2
1842,1842
0,0
2183,2181
0,0
1837,1837
0,0
1965,1961
0,0
1910,1903
0,0
0,0
1787,790
1301,520
1769,123
1156,536
1729,646
1215,1100
1811,0
1403,1307
1729,0
1412,1412
1972,0
1472,1472
2189,0
1461,1461
2724,0
1779,1779
0,0
1635,1635
0,0
1603,1603
1895,1
1367,1358
1776,0
1441,1438
2207,0
1492,1492
1902,0
1446,1418
2053,0
1665,1661
1882,2
1505,1502
1935,0
1453,1130
2016,3
1437,1155
2011,228
1424,1098
1936,124
1392,1154
1799,217
1424,1242
2075,264
1500,1376
2009,121
1470,1402
1743,7
1508,1445
1973,4
2225,2181
1991,12
0,0
0,0
0,0
0,0
0,0
0,0
0,0
0,0
0,0
0,0
0,0
0,0
0,0
1816,796
1407,650
1798,116
1374,562
1875,505
1333,1211
1831,0
1314,1218
1750,0
1525,1525
1930,0
1413,1413
2134,0
1432,1431
2509,0
1742,1742
0,0
1519,1519
0,0
1525,1525
1897,0
1403,1397
1974,0
1416,1410
1973,0
1354,1352
2011,1
1433,1432
1945,1
1506,1505
1884,0
1377,1377
2164,0
1684,1638
0,0
1738,1722
0,0
1941,1909
0,0
3237,3211
0,0
0,0
795,291
1117,198
1237,77
1693,1660
1360,607
1821,298
1293,84
1774,1547
1306,4
1846,1843
1327,843
1858,1507
1120,0
1886,1830
1359,1
1813,1812
1173,538
1747,1387
1337,54
1833,1790
1349,30
1889,1843
1381,33
1817,1751
1365,9
1925,1925
1413,0
1873,1873
1433,62
1977,1754
1403,130
1875,1873
1431,71
1885,1863
1421,69
1846,1484
1445,40
2016,1843
1419,53
1927,1735
1394,64
1958,1916
1390,30
2021,1969
1441,24
2054,2030
2091,127
1922,1896
2559,120
0,0
0,0
0,0
0,0
0,0
0,0
0,0
0,0
0,0
0,0
0,0
0,0
0,0
1301,696
1874,1068
1327,124
1860,1731
1367,994
1802,813
1378,559
1736,874
1375,258
1867,1468
1382,1055
1844,242
1343,1054
1833,484
1423,1037
1776,242
1379,1375
1924,221
1431,1145
1844,6
1419,907
1860,269
1444,1409
1826,412
1461,1049
1831,140
1453,853
1908,451
1385,1295
1863,448
1051,634
1855,126
1412,1076
1820,416
1362,1100
1926,168
1379,1023
1861,155
1447,1170
1912,30
1439,1125
1845,47
1402,957
2021,218
1571,1250
1845,144
2097,1876
2039,90
2580,2377
0,0
0,0
0,0
0,0
0,0
0,0
0,0
0,0
0,0
0,0
0,0
0,0
0,0
1344,648
1810,989
1297,237
1785,1497
1322,709
1920,971
1311,45
1876,1876
1418,0
1962,1962
1513,0
1977,1977
1756,0
2143,2143
1389,0
1879,1879
1387,3
1858,1858
1431,0
1793,1793
1395,0
1931,1931
1699,0
2197,2197
0,0
2251,2251
1778,0
2512,2512
0,0
2450,2450
1450,0
2006,2006
1708,25
1818,1818
1524,29
1928,1927
1431,43
2074,1985
1416,44
1939,1832
1411,55
1952,1831
1536,71
1913,1850
1482,91
2015,1890
1425,99
1828,1706
2121,199
1951,1893
2861,188
0,0
0,0
0,0
0,0
0,0
0,0
0,0
0,0
0,0
0,0
0,0
0,0
0,0
1286,778
1937,1067
1303,259
1856,1563
1366,730
1774,484
1360,112
1785,1518
1377,1
1673,1672
1375,841
1855,760
1149,1
1941,1745
1433,2
1852,1852
1381,36
1803,1765
1392,1
1823,1823
1427,0
1822,1822
1420,0
1851,1851
1440,1
1781,1781
1347,2
1864,1862
1342,63
1742,1602
1456,410
1903,1896
1444,316
2031,2021
1382,338
1966,1392
1347,271
2033,1664
1406,379
1961,1465
1383,207
1877,1598
1534,61
2072,1951
1791,71
2379,2342
0,0
2624,2610
2776,299
2008,1958
0,0
0,0
0,0
0,0
0,0
0,0
0,0
0,0
0,0
0,0
0,0
0,0
0,0
0,0
1367,793
1829,1042
1315,228
1804,1520
1301,709
1842,749
1351,121
1697,1634
1308,2
1849,1843
1206,909
1760,773
1332,35
1549,1447
1310,37
1835,1778
1215,550
1897,929
1398,8
1820,1813
1347,1
1856,1856
1441,551
1826,1643
1395,72
1924,1852
1398,5
1801,1750
1311,218
1890,1665
1351,156
1912,1905
1389,34
2017,1993
1380,79
1959,1652
1417,55
2003,1683
1429,51
2021,1606
1476,109
1587,1465
1492,59
1779,1721
1496,68
1936,1842
2089,312
2025,1912
2638,578
0,0
0,0
0,0
0,0
0,0
0,0
0,0
0,0
0,0
0,0
0,0
0,0
0,0
859,387
249,135
954,109
393,201
1334,669
371,212
1357,139
398,257
1323,5
400,242
1328,863
459,277
1437,35
471,264
1403,24
515,314
1447,969
554,320
1394,39
558,334
1412,27
606,394
1403,761
626,401
1372,37
683,450
1447,35
683,431
1439,796
786,527
1426,159
861,614
1454,240
914,658
1496,77
981,800
1512,98
1162,788
1413,152
1240,673
1405,225
1429,741
1400,214
1726,883
1521,237
2604,1665
2309,718
0,0
2231,686
2718,1683
0,0
0,0
0,0
0,0
0,0
0,0
0,0
0,0
0,0
0,0
0,0
0,0
1318,756
374,182
1414,106
360,150
1353,1106
410,193
1311,620
415,198
1153,125
458,215
1323,965
471,234
1333,226
484,240
1396,81
491,254
1394,1072
512,275
1421,8
543,354
1468,54
602,360
1361,403
645,522
1207,2
702,551
1349,0
740,602
1372,108
848,682
1508,20
840,664
1430,20
945,779
1480,34
951,780
1430,31
1067,910
1393,18
1199,1017
1473,20
1374,1102
1500,27
1554,1260
1499,87
1869,1516
1974,317
2256,1841
2684,448
0,0
0,0
0,0
0,0
0,0
0,0
0,0
0,0
0,0
0,0
0,0
0,0
0,0
1318,719
382,177
1389,266
413,166
1411,1145
405,226
1429,603
407,266
1373,22
446,263
1390,868
477,300
1338,188
481,262
1398,46
501,278
1291,744
538,302
1364,201
569,315
1420,33
588,304
1340,1238
651,354
1345,76
705,439
1417,7
731,518
1412,945
810,437
1414,507
848,503
1468,485
918,556
1425,437
1037,648
1434,413
1153,694
1311,387
1234,720
1431,430
1369,710
1440,370
1698,789
1459,558
2008,539
2007,1440
2477,337
2617,2271
0,0
0,0
0,0
0,0
0,0
0,0
0,0
0,0
0,0
0,0
0,0
0,0
0,0
1409,722
371,162
1349,237
401,210
1363,1110
424,231
1297,137
412,253
1309,26
449,282
1386,1024
440,285
1419,19
505,315
1358,24
507,335
1327,986
517,334
1433,33
545,348
1428,45
585,357
1338,1079
622,391
1412,564
694,288
1405,474
705,284
1227,1211
786,319
1495,785
855,326
1395,629
909,339
1418,1017
983,289
1424,1010
1076,278
1458,1217
1278,286
1468,1238
1447,384
1362,1062
1478,330
1472,1244
1875,491
2151,1550
2351,512
2490,1882
0,0
0,0
0,0
0,0
0,0
0,0
0,0
0,0
0,0
0,0
0,0
0,0
0,0
1361,766
372,175
1149,164
396,178
1319,723
401,208
1398,157
395,250
1366,3
439,294
1317,931
465,298
1344,8
486,318
1292,2
456,319
1367,461
568,396
1424,1
571,411
1402,0
615,468
1444,399
658,510
1405,0
681,542
1422,0
707,553
1417,609
816,633
1452,16
872,715
1404,31
950,795
1429,260
1013,850
1449,212
1033,814
1433,249
1110,845
1267,287
1432,971
1563,469
1594,966
1491,525
1932,1173
2104,616
2397,1600
2635,793
0,0
0,0
0,0
0,0
0,0
0,0
0,0
0,0
0,0
0,0
0,0
0,0
0,0
243,121
851,142
252,127
1256,542
393,185
1288,1161
406,128
1380,679
416,173
1347,1322
436,172
1396,1388
471,178
1393,382
482,176
1375,1342
482,171
1412,1405
547,198
1368,398
586,192
1196,1163
605,208
1425,1403
637,249
1385,483
709,277
1304,1291
785,233
1426,1416
776,163
1326,1052
922,172
1319,1011
1003,145
1395,1090
1139,105
1400,1283
1234,73
1359,1315
1458,84
1429,1349
1830,88
1955,1893
0,0
1441,1408
0,0
1587,1514
2455,105
2284,2182
2994,128
0,0
0,0
0,0
0,0
0,0
0,0
0,0
0,0
0,0
0,0
0,0
0,0
0,0
373,197
1266,357
394,199
1220,943
404,196
1305,1251
416,213
1352,15
451,229
1413,1235
461,241
1289,1234
444,246
1386,45
492,294
1341,1153
513,290
1441,1281
536,260
1405,113
578,297
1428,1216
590,192
1345,1313
556,178
1447,803
671,231
1345,1311
770,252
1403,1388
801,263
1434,913
904,230
1398,1213
966,84
1481,1233
1077,79
1453,1345
1289,85
1615,1500
0,0
1683,1630
0,0
1488,1443
1564,80
1543,1470
1681,101
1679,1558
2748,78
2799,2733
0,0
3474,3318
0,0
0,0
0,0
0,0
0,0
0,0
0,0
0,0
0,0
0,0
0,0
0,0
0,0
0,0
0,0
0,0
0,0
0,0
325,180
1290,473
391,201
1302,534
417,196
1341,1241
436,206
1283,108
451,210
1339,1122
454,243
1317,1170
454,230
1369,29
467,247
1247,1004
519,292
1373,1294
547,320
1346,111
611,293
1476,1399
613,219
1370,1370
681,213
1366,853
719,252
1147,1139
744,293
1400,1382
825,317
1300,634
886,337
1394,924
976,401
1271,698
1017,546
1496,758
1179,827
1184,436
1357,874
1306,379
1435,936
1325,407
1777,1205
1618,580
2027,1341
2383,851
2851,1626
0,0
0,0
0,0
0,0
0,0
0,0
0,0
0,0
0,0
0,0
0,0
0,0
0,0
369,192
1308,411
386,206
1409,1072
406,224
1322,1275
421,234
1386,26
404,205
1384,1226
437,212
1390,1323
477,265
1411,41
541,278
1330,1202
515,283
1337,1195
580,337
1297,23
608,340
1330,1147
637,364
1332,1185
652,360
1395,101
751,399
1354,1239
661,346
1381,1240
845,493
1400,572
875,505
1355,634
1025,603
1391,593
1057,570
1433,656
1181,654
1410,830
1354,679
1451,670
1595,747
1497,596
1787,1014
1569,708
2240,1199
2211,963
2808,1465
0,0
0,0
0,0
0,0
0,0
0,0
0,0
0,0
0,0
0,0
0,0
0,0
0,0
328,175
1337,418
404,217
1351,869
417,232
1327,1247
430,235
1353,29
434,230
1374,1220
470,253
1240,1205
465,263
1341,8
522,276
1340,1188
526,271
1296,1226
555,290
1296,24
585,305
1301,1239
623,297
1348,1297
517,286
1341,67
747,410
1008,975
769,412
1452,1399
794,405
1545,891
910,455
1452,593
951,492
1409,548
1059,620
1513,540
1109,643
1167,393
1247,754
1453,304
1498,1088
1493,180
1680,1154
1692,435
2157,1285
2427,917
2920,1453
0,0
0,0
0,0
0,0
0,0
0,0
0,0
0,0
0,0
0,0
0,0
0,0
0,0
0,0
0,0
60,0
31,2
87,1
45,32
107,4
48,36
88,0
37,1
74,2
28,17
73,70
43,14
77,42
32,0
94,23
47,7
86,86
42,21
90,33
40,1
96,26
44,20
90,90
44,5
88,83
37,0
89,78
34,2
86,86
45,7
85,76
41,0
91,90
50,0
85,85
49,0
103,98
44,0
120,100
38,0
109,93
61,0
108,73
63,1
123,101
74,6
123,101
88,9
146,102
0,0
0,0
0,0
0,0
0,0
0,0
0,0
0,0
0,0
0,0
0,0
0,0
0,0
134,1
52,3
112,9
54,26
100,5
50,38
99,0
51,43
101,0
47,47
99,0
48,48
100,0
50,50
76,0
62,62
0,0
54,54
0,0
53,53
87,0
47,47
99,0
45,45
107,0
60,60
97,0
51,49
116,0
57,57
135,0
69,69
140,0
63,24
123,0
57,31
124,4
60,25
128,1
64,31
121,1
65,19
122,5
70,37
115,0
72,49
121,5
80,78
129,5
108,106
156,0
0,0
0,0
0,0
0,0
0,0
0,0
0,0
0,0
0,0
0,0
0,0
0,0
0,0
0,0
0,0
107,0
50,0
126,4
55,32
116,11
65,49
357,292
0,0
133,0
49,13
101,54
43,43
88,61
42,21
81,0
41,22
82,0
43,43
82,0
42,42
88,0
42,42
84,0
42,42
97,0
52,52
106,0
50,50
95,0
47,47
97,0
50,48
106,0
55,51
113,0
58,51
123,0
60,56
101,0
62,61
135,0
71,70
130,0
74,73
136,0
84,80
151,1
122,88
167,2
179,124
0,0
0,0
0,0
0,0
0,0
0,0
0,0
0,0
0,0
0,0
0,0
0,0
134,0
54,0
127,10
53,32
87,5
50,39
111,0
52,40
104,0
47,47
101,5
44,44
89,0
43,42
81,0
44,44
86,0
43,43
92,0
44,44
94,0
45,45
103,0
48,48
97,0
48,45
101,0
54,54
103,0
56,56
114,0
64,51
112,0
58,39
119,0
58,35
112,1
60,46
109,0
61,41
111,4
62,48
119,1
67,62
119,9
67,65
116,6
108,104
146,2
0,0
0,0
0,0
0,0
0,0
0,0
0,0
0,0
0,0
0,0
0,0
0,0
0,0
133,0
50,0
124,10
48,24
99,7
46,36
94,0
46,35
90,0
48,48
89,0
47,47
93,0
45,45
98,0
46,46
101,0
52,52
98,0
55,55
98,0
48,48
84,0
47,47
99,0
54,54
111,0
68,68
0,0
82,82
0,0
84,84
156,0
82,80
0,0
105,105
197,0
101,101
143,0
108,108
219,0
153,153
163,0
152,152
196,0
148,148
202,0
313,313
175,0
214,212
178,0
210,208
0,0
0,0
0,0
0,0
0,0
0,0
0,0
0,0
0,0
0,0
0,0
0,0
0,0
0,0
0,0
0,0
0,0
0,0
33,0
85,76
32,2
98,1
42,38
85,83
38,1
88,0
42,2
88,66
39,39
79,69
37,7
72,0
37,4
67,44
35,34
74,33
38,23
68,0
36,19
81,0
38,38
79,0
39,39
80,0
39,39
82,0
41,41
88,0
43,38
70,0
47,42
89,0
49,45
96,0
59,52
118,0
61,56
130,0
79,78
102,0
57,55
108,0
75,74
116,0
88,82
120,0
115,108
0,0
0,0
0,0
0,0
0,0
0,0
0,0
0,0
0,0
0,0
0,0
0,0
0,0
49,5
118,108
41,1
94,0
39,34
101,92
40,9
98,0
39,16
96,21
41,41
84,37
42,30
85,0
41,22
91,4
44,44
90,6
41,37
84,0
40,37
76,0
43,43
81,0
46,45
111,0
52,52
69,0
52,52
138,0
72,70
0,0
77,74
119,0
71,71
121,0
69,68
128,0
69,68
139,0
83,81
112,0
99,99
142,0
97,97
167,0
181,181
153,0
155,155
181,0
0,0
0,0
0,0
0,0
0,0
0,0
0,0
0,0
0,0
0,0
0,0
0,0
0,0
0,0
0,0
0,0
54,2
118,114
51,1
104,0
48,46
89,88
45,3
85,0
44,1
89,77
41,40
82,77
40,2
87,1
40,1
89,83
41,21
77,77
42,3
88,7
47,8
90,31
42,40
87,29
40,18
89,0
44,36
85,0
41,41
85,1
45,21
91,0
46,24
89,0
47,38
90,0
52,34
97,2
54,41
110,2
58,46
103,1
61,37
118,0
74,69
134,0
91,75
142,2
126,114
0,0
0,0
0,0
0,0
0,0
0,0
0,0
0,0
0,0
0,0
0,0
0,0
0,0
47,1
123,114
40,2
111,0
46,45
91,89
41,6
95,0
42,18
89,48
41,41
87,73
39,21
90,0
41,17
91,5
39,39
93,2
43,38
90,0
46,44
91,0
42,42
94,0
44,44
102,0
42,42
107,0
55,55
113,0
56,55
116,0
57,47
116,0
60,58
113,0
57,57
112,0
54,53
126,0
71,71
126,0
72,72
124,0
76,74
125,0
94,69
141,0
130,110
0,0
0,0
0,0
0,0
0,0
0,0
0,0
0,0
0,0
0,0
0,0
0,0
0,0
56,3
124,113
36,0
101,0
39,35
96,83
44,12
103,0
40,11
90,55
42,41
93,73
39,14
64,0
43,18
75,21
44,44
94,39
39,15
89,1
43,26
91,0
45,45
90,0
49,49
90,0
35,35
89,0
49,49
102,0
54,47
106,0
57,48
113,0
59,53
122,0
61,58
128,0
63,54
125,0
64,52
123,0
64,57
120,1
70,67
93,1
87,76
146,1
126,112
0,0
0,0
0,0
0,0
0,0
0,0
0,0
0,0
0,0
0,0
0,0
0,0
0,0
14,1
39,1
18,4
48,36
23,21
49,31
19,1
50,0
21,5
45,18
19,19
43,21
19,3
35,16
11,0
38,38
22,3
36,36
16,0
41,41
23,2
46,46
27,0
46,46
27,2
48,48
29,4
56,56
0,0
48,48
26,1
52,42
29,2
49,34
33,3
50,29
36,9
54,29
42,4
57,42
45,7
60,44
64,14
77,62
58,4
83,80
90,14
105,88
121,15
127,110
0,0
0,0
0,0
0,0
0,0
0,0
0,0
0,0
0,0
0,0
0,0
0,0
23,2
49,1
21,2
43,39
20,18
42,25
20,2
40,0
18,7
41,11
19,19
36,11
19,7
38,0
19,14
39,9
20,20
44,6
22,11
43,0
22,13
47,0
23,16
46,0
25,18
52,0
29,25
59,0
29,28
58,0
32,32
60,0
36,35
64,0
64,56
0,0
50,48
77,0
59,55
72,0
63,56
75,0
64,59
73,0
75,71
79,1
89,81
93,2
110,108
119,4
0,0
0,0
0,0
0,0
0,0
0,0
0,0
0,0
0,0
0,0
0,0
0,0
0,0
0,0
20,6
52,1
18,0
45,29
20,18
45,40
20,3
42,2
18,1
41,19
19,16
43,19
19,10
42,0
20,7
41,24
18,18
38,28
18,2
42,0
20,7
39,10
20,4
43,43
17,1
42,24
23,5
40,40
24,0
44,44
26,1
46,17
29,3
42,12
30,6
49,14
36,11
54,20
42,12
56,14
47,14
64,19
58,20
67,36
67,21
73,53
67,26
115,72
123,46
0,0
0,0
0,0
0,0
0,0
0,0
0,0
0,0
0,0
0,0
0,0
0,0
0,0
33,1
14,1
36,4
21,11
46,41
17,12
46,0
21,13
46,0
21,21
47,2
22,22
46,0
21,4
40,0
22,22
47,0
23,23
46,0
23,9
46,0
23,19
49,0
25,20
41,0
26,22
49,0
29,28
67,0
32,32
56,0
34,34
59,0
41,38
64,0
46,46
0,0
120,109
0,0
136,133
0,0
2579,2579
0,0
1130892,1130892
0,0
2895417,2895417
0,0
0,0
53,4
22,1
46,0
20,12
44,43
18,15
31,3
18,2
39,4
18,14
39,37
19,5
37,33
21,0
43,38
19,2
40,40
21,3
42,41
22,0
44,44
23,0
41,41
19,0
49,49
29,0
52,52
28,0
68,68
0,0
61,61
38,0
78,76
0,0
78,72
40,1
75,73
156,6
374,374
84,3
141,141
93,3
143,143
75,4
104,104
92,3
117,115
0,0
227,217
127,3
207,200
178,2
0,0
0,0
0,0
0,0
0,0
0,0
0,0
0,0
0,0
0,0
0,0
0,0
0,0
0,0
0,0
0,0
58,4
21,1
50,4
18,14
48,45
21,16
53,12
25,0
43,3
21,13
44,40
20,15
41,5
19,1
42,6
18,12
40,33
20,8
40,19
21,0
34,3
20,2
43,39
22,4
48,38
23,5
45,29
24,1
46,46
24,4
48,12
27,4
47,9
28,10
45,10
33,8
49,9
36,9
53,22
43,12
53,14
50,8
59,17
62,12
71,55
80,13
94,85
103,21
135,100
0,0
0,0
0,0
0,0
0,0
0,0
0,0
0,0
0,0
0,0
0,0
0,0
0,0
0,0
0,0
801,233
767,5
602,8
1012,853
1236,1136
1354,1266
1188,438
1204,54
1340,100
1165,966
1368,766
996,994
1159,25
1169,471
1448,38
1134,1021
1275,792
1316,1223
1334,85
1348,635
1307,62
1410,1280
1412,848
1343,1276
1425,2
1324,1045
1381,0
1377,1377
1430,259
1357,1353
1463,96
1297,837
1446,124
1435,1067
1436,44
1335,996
1471,17
1453,1214
1495,7
1460,1295
1240,13
1469,1304
1520,10
1298,1199
1570,35
1701,1526
2162,284
2393,2088
2663,197
0,0
0,0
0,0
0,0
0,0
0,0
0,0
0,0
0,0
0,0
0,0
0,0
0,0
1338,744
1395,578
1407,252
1465,581
1393,709
1452,1290
1342,108
1443,893
1388,2
1444,1427
1407,790
1415,1412
1417,7
1346,546
1345,1
1432,1423
1467,802
1442,1437
1439,3
1436,415
1462,3
1461,1445
1436,544
1440,1432
1475,245
1424,1193
1497,0
1483,1483
1454,8
1620,1620
1605,130
1482,1274
1568,103
1501,1374
1620,154
1413,1141
1526,47
1521,1431
1577,31
1495,1416
1693,20
1578,1558
1527,32
1584,1544
1642,76
1585,1481
2329,179
2444,2255
2856,181
0,0
0,0
0,0
0,0
0,0
0,0
0,0
0,0
0,0
0,0
0,0
0,0
0,0
1443,708
1425,608
1362,224
1367,584
1295,723
1336,1177
1379,109
1263,898
1430,1
1441,1434
1429,777
1303,1301
1446,2
1386,753
1360,17
1424,1357
1421,931
1454,1422
1419,52
1399,368
1444,55
1468,1195
1417,1301
1470,1127
1466,616
1454,9
1487,226
1423,1076
1486,1465
1437,1073
1457,473
1489,423
1523,527
1447,223
1262,531
1504,336
1480,647
1438,406
1511,718
1476,185
1522,850
1485,335
1570,803
1463,283
1278,678
1524,444
2093,1369
2355,704
2683,1765
0,0
0,0
0,0
0,0
0,0
0,0
0,0
0,0
0,0
0,0
0,0
0,0
0,0
832,301
954,183
1087,65
1378,1251
1335,1184
1397,1358
1375,103
1326,209
1362,24
1419,1280
1129,1092
1394,1338
1424,44
1420,85
1398,64
1367,1074
1314,1183
1315,976
1381,341
1468,20
1368,291
1447,882
1470,1380
1390,1087
1400,224
1440,54
1468,178
1411,1139
1410,1209
1470,1346
1456,235
1430,381
1226,131
1491,681
1313,189
1525,766
1392,185
1432,965
1365,75
1377,971
1462,69
1487,965
1396,146
1519,820
1290,215
1036,653
1882,883
2086,970
2598,1361
0,0
0,0
0,0
0,0
0,0
0,0
0,0
0,0
0,0
0,0
0,0
0,0
0,0
1222,736
1393,581
1400,308
1450,575
1218,712
1400,1238
1288,70
1413,772
940,2
1145,1134
1315,736
1350,1348
1349,40
1331,703
1375,18
1341,1228
1376,597
1353,1318
1413,63
1382,639
1371,50
1387,1201
1416,970
1421,1275
1326,180
1232,146
1356,106
1337,1175
1439,1094
1389,1250
1458,234
1437,766
1428,110
1465,1036
1495,184
1498,1206
1495,85
1445,1235
1501,96
1493,1306
1539,166
1316,1147
2215,111
2234,2093
0,0
1700,1592
0,0
1625,1469
2347,96
2350,2214
2750,119
0,0
0,0
0,0
0,0
0,0
0,0
0,0
0,0
0,0
0,0
0,0
0,0
0,0
1351,760
1441,733
1394,214
1426,574
1401,757
1414,1265
1418,54
1475,832
1389,0
1455,1441
1373,335
1408,1408
1356,3
1446,1215
1413,1
1455,1426
1392,355
1461,1451
1419,18
1412,1017
1462,1
1489,1483
1423,366
1460,1449
1492,6
1307,268
1429,6
1438,1419
1420,1087
1481,1445
1418,326
1454,429
1467,133
1396,556
1460,287
1497,465
1463,239
1490,818
1428,289
1500,1020
1505,173
1446,1054
1475,205
1540,1179
1532,151
1307,1034
2179,585
2197,1522
2284,650
0,0
0,0
0,0
0,0
0,0
0,0
0,0
0,0
0,0
0,0
0,0
0,0
0,0
856,363
995,243
1116,84
1417,648
1359,989
1385,1302
1241,186
1409,31
1389,84
1433,1008
1416,1333
1438,841
1404,849
1453,5
1407,1001
1282,39
1419,1418
1424,231
1433,1112
1391,234
1446,1067
1537,58
1450,1446
1691,257
1746,1440
0,0
1648,1409
0,0
1411,1294
1547,5
1582,1580
1795,268
1697,1417
0,0
1637,1357
0,0
1506,1195
1496,219
1533,1289
1586,24
1530,1489
1608,23
1519,1493
1848,23
1811,1783
2486,31
2510,2473
0,0
3787,3777
4540,12
5771,5756
6425,30
6857,6816
10932,10
0,0
0,0
0,0
0,0
0,0
0,0
0,0
0,0
0,0
0,0
0,0
0,0
0,0
0,0
0,0
0,0
0,0
0,0
1402,766
1342,596
1433,131
1352,659
1429,995
1363,1266
1388,423
1444,450
1388,352
1440,558
1233,1130
1398,643
1426,1170
1362,319
1413,771
1385,303
1414,1407
1431,679
1422,832
1403,42
1251,453
1438,556
1430,1418
1444,818
1399,469
1486,36
1441,520
1481,732
1462,1386
1452,760
1440,872
1503,32
1470,778
1458,285
1426,1136
1497,57
1510,1253
1447,8
1497,1308
1521,56
1506,1246
1478,39
1450,1147
1508,55
1568,1439
1623,132
2289,1782
2325,426
2695,2069
0,0
0,0
0,0
0,0
0,0
0,0
0,0
0,0
0,0
0,0
0,0
0,0
0,0
1325,722
1168,402
1429,250
1404,563
1307,722
1420,1275
1404,0
1427,1174
1380,1
1390,1389
1454,3
1441,1441
1451,5
1449,1403
1436,5
1272,1265
1383,57
1480,1470
1225,2
1485,1373
1509,5
1431,1422
1453,2
1473,1473
1412,91
1463,1260
1458,6
1460,1452
1485,52
1417,1388
1510,482
1457,952
1453,408
1534,1128
1472,326
1495,1057
1518,250
1465,840
1460,422
1445,790
1488,447
1534,885
1449,342
1532,911
1574,173
1549,1330
2291,197
2210,1987
2414,232
0,0
0,0
0,0
0,0
0,0
0,0
0,0
0,0
0,0
0,0
0,0
0,0
0,0
758,325
896,191
1074,122
1419,587
1366,701
1372,1212
1446,172
1399,949
1408,4
1402,1388
1467,719
1449,1441
1476,10
1440,383
1411,7
1409,1358
1452,1023
1454,1430
1444,123
1457,537
1443,43
1447,1395
1469,921
1359,1321
1284,17
1436,601
1489,31
1463,1396
1428,663
1498,1439
1487,68
1423,1012
1487,69
1469,1225
1506,201
1529,1170
1462,19
1519,1393
1475,36
1456,1289
1510,54
1508,1238
1514,59
1501,1324
1575,30
1628,1570
2167,83
2405,2323
2749,78
0,0
0,0
0,0
0,0
0,0
0,0
0,0
0,0
0,0
0,0
0,0
0,0
0,0
1399,734
1439,633
1300,171
1401,554
1373,727
1357,1202
1424,177
1419,838
1412,3
1479,1467
1342,755
1412,1411
1429,13
1438,795
1424,6
1454,1427
1383,770
1422,1395
1405,175
1447,826
1406,36
1469,1400
1438,643
1485,1371
1455,506
1463,126
1429,140
1492,1249
1456,1286
1500,1276
1490,359
1500,387
1502,414
1504,606
1309,423
1522,754
1256,427
1538,583
1513,996
1518,235
1352,727
1497,393
1486,623
1564,443
1559,728
1346,491
2208,1271
2467,980
2111,1251
0,0
0,0
0,0
0,0
0,0
0,0
0,0
0,0
0,0
0,0
0,0
0,0
0,0
1410,704
1429,691
1417,374
1418,582
1393,725
1447,1282
1379,120
1396,788
1427,3
1453,1449
1430,731
1463,1461
1431,30
1406,854
1381,3
1406,1396
1464,67
1430,1428
1799,180
1681,1483
0,0
1277,1277
1616,0
1613,1613
0,0
1469,1469
1741,0
1703,1703
1508,0
1559,1559
1796,1
1899,1898
1410,122
1515,1331
1449,92
1507,1390
1666,58
1761,1685
3353,2
3115,3114
0,0
45671,45671
0,0
1518752,1518752
0,0
6667675,6667675
0,0
0,0
701,596
944,35
734,47
1335,1060
1070,162
1410,1211
1109,956
1393,71
1115,315
1420,996
1105,169
1437,1166
1133,931
1409,239
1171,206
1345,885
1153,202
1432,1088
1139,849
1442,373
1180,362
1414,866
1165,238
1426,1082
1151,921
1427,132
1069,409
1480,776
1200,637
1447,848
1166,606
1438,98
1185,547
1495,571
1175,375
1475,427
1205,329
1511,654
1165,287
1544,755
1205,493
1510,727
1459,946
1541,592
1677,1095
1978,632
2122,1393
2276,492
2533,2041
0,0
0,0
0,0
0,0
0,0
0,0
0,0
0,0
0,0
0,0
0,0
0,0
0,0
1100,617
1397,407
1103,186
1068,881
1131,61
1255,1116
1131,991
1418,93
1125,133
1193,962
1078,108
1350,1136
1131,1040
1427,301
1108,110
1421,966
1121,167
1440,1191
1114,1099
1395,6
1177,200
1419,1093
1114,110
1458,1231
994,973
1445,12
1144,237
1520,1274
1147,227
1501,1301
1162,359
1481,242
1212,284
1459,434
1170,364
1494,386
1193,425
1512,475
1215,443
1479,433
1260,772
1164,99
1573,1239
1548,130
1768,1479
1744,168
2151,1772
2551,395
2789,2280
0,0
0,0
0,0
0,0
0,0
0,0
0,0
0,0
0,0
0,0
0,0
0,0
0,0
0,0
0,0
1127,625
1403,633
1149,497
1436,674
1063,91
1391,1270
1141,1049
1381,41
1129,404
1379,1011
1074,233
1315,951
979,970
1337,2
1048,403
1353,723
1053,236
1354,796
1145,1138
1063,1
760,347
1063,381
1127,364
1101,629
1146,1139
1157,2
1004,402
1429,794
1063,446
1247,778
1000,450
1424,73
719,347
1377,128
1135,643
1215,253
1205,416
1450,703
1195,414
1403,812
1088,165
1465,1058
1594,389
1512,1200
1959,453
1356,1124
2323,397
2482,2037
2619,222
0,0
0,0
0,0
0,0
0,0
0,0
0,0
0,0
0,0
0,0
0,0
0,0
0,0
915,499
652,591
1011,70
1031,42
1240,1140
1109,939
1384,238
1152,1058
1406,57
1111,75
1402,1114
1153,836
1401,388
1092,894
1419,191
1123,18
1451,1435
1139,649
1427,310
1152,746
1410,197
958,17
1478,1438
1094,621
1439,351
1128,694
1439,263
937,89
1459,1389
1138,100
1490,919
1107,104
1478,790
1205,153
1502,847
1176,182
1433,851
1196,369
1484,1037
1235,168
1493,1206
1557,263
1570,1355
2112,257
1817,1794
2438,267
2430,2155
0,0
2510,2316
2807,148
0,0
0,0
0,0
0,0
0,0
0,0
0,0
0,0
0,0
0,0
0,0
0,0
1384,718
1114,1015
1402,96
1142,48
1353,1216
1156,964
1412,243
1099,938
1402,96
1121,182
1404,1048
1138,868
1408,224
1124,871
1457,375
1069,37
1463,1415
1124,739
1411,323
1138,765
1475,195
1120,25
1456,1422
1104,677
1448,469
938,591
1509,485
1160,56
1445,1443
928,79
1411,542
1177,120
1411,564
1210,314
1259,327
1192,478
1455,141
1179,663
1485,172
1207,724
1486,177
1235,940
1498,59
1702,1339
1583,80
1739,1522
2169,186
2441,2219
2888,101
0,0
0,0
0,0
0,0
0,0
0,0
0,0
0,0
0,0
0,0
0,0
0,0
0,0
1401,798
1093,972
1404,101
1135,44
1399,1253
1131,925
1430,400
1118,947
1380,86
1106,456
1422,995
1146,821
1454,194
1156,995
1425,1
1142,818
1283,65
1058,1054
1108,73
1159,1150
1414,0
1109,824
1441,10
1143,1141
1423,59
1153,1153
1486,0
1181,945
1408,89
1182,964
1432,58
1191,839
1428,38
1146,930
1466,115
1146,831
1472,124
1209,930
1512,99
1244,1018
1473,114
1295,1122
1304,85
1382,1118
1539,115
1984,1615
2196,362
2454,2022
2653,423
0,0
0,0
0,0
0,0
0,0
0,0
0,0
0,0
0,0
0,0
0,0
0,0
0,0
656,583
768,717
718,31
1016,80
0,0
658,585
733,672
703,18
1117,99
1029,116
1101,782
1134,780
1140,959
1119,383
1142,79
1116,173
1125,778
1159,918
1133,700
1173,518
1142,36
1144,294
1176,705
1073,913
1132,736
986,305
1097,72
1120,382
1171,677
1142,1060
1154,732
1162,590
1165,58
1184,444
1216,124
1171,593
1181,133
1182,469
1170,125
1179,677
1188,90
1202,893
1181,92
1172,801
1224,153
1231,695
1260,314
1574,942
1708,619
1825,1167
1964,730
2182,1348
2380,851
2636,1504
0,0
0,0
0,0
0,0
0,0
0,0
0,0
0,0
0,0
0,0
0,0
0,0
0,0
1002,609
1149,1084
1026,352
912,17
971,74
1097,806
1097,956
1156,1042
1108,10
1146,286
1119,8
1138,1088
1152,933
1111,1088
1128,20
1131,186
1130,18
1087,1015
1160,727
1116,1111
1183,12
1091,217
1170,5
1164,1156
1154,733
1175,1167
1165,267
1167,298
1170,252
1125,464
1194,388
1158,199
1174,346
1199,443
1212,424
1187,441
1198,375
1207,497
1189,326
1249,634
1231,455
1805,614
1629,1049
2110,594
1929,1282
2485,471
2265,1804
3402,471
3234,2771
0,0
0,0
0,0
0,0
0,0
0,0
0,0
0,0
0,0
0,0
0,0
0,0
0,0
0,0
0,0
1081,617
1056,930
968,593
1115,54
1101,103
1113,765
1064,880
1125,961
1024,118
1036,78
1159,81
1109,940
1072,788
1128,1121
1132,10
1154,279
1154,3
1100,1077
1111,714
1163,1132
1120,41
930,181
1153,24
1122,1069
1136,856
1003,967
1143,233
1114,287
1177,205
1191,315
1138,296
1157,244
1138,262
1189,330
1176,390
1071,418
1133,320
1048,299
1190,252
1199,546
1163,319
1265,697
1509,715
1582,818
1512,622
1926,1037
1804,754
2418,1462
2178,805
0,0
0,0
0,0
0,0
0,0
0,0
0,0
0,0
0,0
0,0
0,0
0,0
0,0
644,585
703,652
737,70
1112,297
1098,126
1087,770
1084,843
1059,916
1127,145
872,270
1145,11
1027,981
1133,664
1158,1129
1141,37
1172,365
1152,41
1169,1094
1160,177
1151,1146
1141,16
1109,922
1168,0
1128,1127
1156,40
1189,1188
1223,218
1187,662
1200,129
1205,858
1179,126
1175,710
1188,86
1224,891
1209,222
1209,810
1205,226
1219,789
1180,207
1201,725
1244,249
1239,779
1586,821
1747,797
1830,953
2066,773
2183,1339
2512,818
2751,1804
0,0
0,0
0,0
0,0
0,0
0,0
0,0
0,0
0,0
0,0
0,0
0,0
0,0
1111,614
1121,1018
1103,339
1035,384
1169,272
1081,560
1147,922
1041,758
1140,294
1149,442
1137,239
941,518
1163,891
1021,739
1170,208
1156,137
1168,314
1139,475
1145,1125
1146,593
1174,514
1136,19
1178,568
1128,365
1165,1160
1171,299
1210,598
1168,52
1183,448
1133,68
1057,580
1174,64
1225,641
1171,46
1191,912
1189,51
1211,946
1223,120
1023,607
1269,108
1189,807
1071,225
1448,963
1699,525
1555,1014
2098,775
2714,1341
3691,2295
3965,1237
0,0
0,0
0,0
0,0
0,0
0,0
0,0
0,0
0,0
0,0
0,0
0,0
0,0
1145,620
1068,963
1125,438
1148,535
1113,292
1133,567
924,715
1157,728
896,397
1098,222
1143,859
1137,68
1159,1153
1171,313
1115,793
1210,217
1157,710
1154,179
1049,996
1168,509
1139,618
1141,43
1127,515
1153,407
1100,997
749,453
934,259
883,280
569,155
648,229
1137,350
1193,441
1083,361
1145,413
1226,646
1100,453
1185,528
1211,517
1164,383
733,122
1045,442
1025,442
1322,859
1463,336
1286,973
1759,383
1866,1354
2135,588
2284,1597
0,0
0,0
0,0
0,0
0,0
0,0
0,0
0,0
0,0
0,0
0,0
0,0
0,0
261,138
711,672
296,151
1019,39
396,191
1098,938
416,215
1104,1018
445,202
1081,64
471,255
1083,893
483,225
1143,1067
506,251
1142,89
538,261
1119,1014
577,223
1132,1127
606,233
1151,199
652,248
1102,1072
673,315
1146,1135
716,335
1075,407
784,332
1177,608
804,301
1098,440
939,359
1189,762
1068,314
1197,869
1129,250
1219,947
1265,357
1195,838
1428,334
1248,999
1649,445
1677,1160
1858,560
2002,1264
2338,597
2593,1986
3543,509
0,0
0,0
0,0
0,0
0,0
0,0
0,0
0,0
0,0
0,0
0,0
0,0
0,0
0,0
0,0
0,0
0,0
382,185
1120,1024
406,217
1135,25
422,216
1112,775
436,225
1121,937
449,249
1153,72
477,236
1138,917
489,238
1092,962
514,257
1076,95
565,271
1145,991
559,180
1165,1157
618,182
1110,501
656,240
1118,1104
697,257
1168,1155
737,212
1166,709
788,222
1104,731
872,272
1168,637
977,290
1201,824
1017,227
1158,769
1095,306
1170,748
1235,280
1186,825
1373,331
1315,961
1598,424
1712,1235
1844,451
2014,1560
2246,469
2419,1878
2787,513
0,0
0,0
0,0
0,0
0,0
0,0
0,0
0,0
0,0
0,0
0,0
0,0
0,0
374,198
1084,1004
394,209
1139,21
413,218
1113,767
437,241
1144,967
445,234
1109,63
486,270
1113,787
505,338
1123,932
523,310
1166,26
552,354
1131,919
590,370
1151,1015
608,376
1157,50
661,362
1192,1141
700,345
1173,1144
762,366
1181,556
781,375
1145,672
865,417
1205,624
950,448
1163,793
1035,410
1159,855
1101,340
1195,974
1264,313
1201,948
1417,342
1269,1122
1677,296
1732,1369
1989,323
2110,1762
2385,425
2542,2005
3365,300
0,0
0,0
0,0
0,0
0,0
0,0
0,0
0,0
0,0
0,0
0,0
0,0
0,0
0,0
0,0
648,580
270,115
829,319
412,191
1102,67
402,195
1108,914
442,208
1145,87
475,233
1138,104
490,270
1150,809
515,335
1160,11
551,395
1143,0
581,407
1181,272
591,432
1173,0
639,483
1141,1
668,516
1142,289
718,557
1163,55
758,565
1213,85
823,598
1168,122
893,624
1176,81
960,712
1218,54
1064,919
1207,32
1187,993
1179,22
1308,1150
1260,65
1458,1239
1556,226
1681,1382
1836,303
2065,1651
2166,361
2545,1998
2833,496
0,0
0,0
0,0
0,0
0,0
0,0
0,0
0,0
0,0
0,0
0,0
0,0
0,0
992,600
396,193
1126,762
397,189
1111,32
433,204
1139,1076
462,231
1117,484
468,196
1137,142
478,178
1133,1080
524,219
1136,179
545,221
1136,108
575,251
1136,1040
595,271
1121,196
644,277
1149,196
686,256
1156,1137
712,246
1198,820
738,217
1171,760
841,302
1160,818
892,280
1200,670
938,337
1170,648
1005,502
1201,329
1166,703
1219,247
1284,697
1232,301
1516,798
1824,1165
1994,408
1959,1486
2577,361
2811,2432
3376,246
3643,3351
0,0
0,0
0,0
0,0
0,0
0,0
0,0
0,0
0,0
0,0
0,0
0,0
0,0
0,0
0,0
1114,626
395,182
1149,576
415,215
1101,164
419,257
1099,270
452,309
1139,6
459,315
1040,1
483,355
1101,352
526,355
1147,142
540,348
1193,15
583,353
1136,479
603,442
1149,15
627,399
1190,10
678,434
1189,727
739,452
1126,113
795,466
1156,134
836,444
1188,252
902,357
1181,264
968,526
1128,318
1067,552
1195,459
1155,481
1199,441
1287,544
1248,605
1502,500
1629,1065
1638,488
1828,1261
2030,351
2127,1714
2491,349
2673,2199
0,0
0,0
0,0
0,0
0,0
0,0
0,0
0,0
0,0
0,0
0,0
0,0
0,0
672,575
773,738
813,114
1112,13
1094,66
1101,790
1125,986
1119,976
1129,18
1117,139
1134,37
1106,992
1104,887
1043,982
1165,53
1155,267
1150,70
1130,981
1162,882
1160,981
1171,154
1117,52
1142,220
1119,705
1133,1102
1132,708
1179,731
1132,82
1180,527
1159,140
1198,594
1131,99
1132,528
1195,174
1209,696
1178,187
1198,581
1186,216
1196,467
1163,237
1244,500
1197,513
1535,932
1669,597
1799,1171
1979,743
2243,1389
2326,728
2943,1909
0,0
0,0
0,0
0,0
0,0
0,0
0,0
0,0
0,0
0,0
0,0
0,0
0,0
1133,626
1117,1007
1148,775
1123,54
1107,131
1108,720
1110,893
1120,952
1145,133
1154,521
1127,2
1161,1141
1115,588
1122,1116
1098,11
1126,363
1140,8
1166,1093
1125,731
1144,1102
1129,44
1132,108
1130,52
1169,1083
1152,1043
1150,1069
1161,193
1143,346
1196,142
1136,469
1182,233
1177,375
1151,257
1149,504
1195,451
1176,332
1191,463
1157,344
1189,393
1229,300
1205,493
1256,596
1548,782
1671,819
1826,810
1934,885
2181,1196
2438,1221
2724,939
0,0
0,0
0,0
0,0
0,0
0,0
0,0
0,0
0,0
0,0
0,0
0,0
0,0
1097,606
1125,992
1159,787
1108,43
1127,97
1083,720
1102,839
1107,941
1149,178
1145,291
1155,266
1157,691
1126,780
1143,959
1120,5
1179,742
1123,2
1153,1149
1156,229
1179,1166
1206,57
1205,888
1206,6
1254,1249
1476,21
1384,1382
0,0
1098,850
1191,146
1065,826
1157,151
1125,873
1167,39
1142,945
662,2
1111,1053
1177,1
997,993
1283,4
1336,1322
1162,5
1197,1178
1307,56
1532,1410
1596,105
1633,1492
1907,170
2084,1870
2404,300
2666,2283
0,0
0,0
0,0
0,0
0,0
0,0
0,0
0,0
0,0
0,0
0,0
0,0
660,588
721,677
880,40
1097,216
1080,48
1001,868
1081,611
1084,1013
1133,127
1153,213
1104,109
1135,837
1079,946
1123,758
1126,588
1090,5
1130,342
1140,587
1104,873
1135,756
1096,424
1120,27
1137,321
1088,690
1154,1110
1146,757
1138,399
1145,120
1170,433
1119,174
1171,527
1115,132
1130,395
1189,228
1201,428
1175,324
1148,302
1138,338
1193,278
1179,365
1207,390
1208,677
1550,788
1748,655
1900,1213
2108,686
2536,1871
3066,595
3272,2583
0,0
0,0
0,0
0,0
0,0
0,0
0,0
0,0
0,0
0,0
0,0
0,0
0,0
0,0
0,0
1033,608
1104,979
1057,700
1095,47
1080,80
1087,714
1157,875
1175,953
1072,178
1086,635
1088,2
1104,1100
1104,100
1097,1097
1142,0
1156,1029
1111,0
1112,1111
1126,11
1169,1169
1139,136
1144,994
1137,2
1178,1178
1162,1
1151,1151
1404,119
1412,1209
0,0
1438,1275
0,0
1191,997
1189,68
1173,1011
1158,23
1208,1153
1245,59
1228,1156
1318,10
1244,1233
1325,18
1254,1243
1287,63
1245,1158
1618,84
1623,1497
1895,122
1873,1726
2216,143
2313,2141
2646,161
0,0
0,0
0,0
0,0
0,0
0,0
0,0
0,0
0,0
0,0
0,0
0,0
0,0
1054,617
1094,961
1080,725
1132,58
1085,139
1114,727
1090,896
1113,984
1120,7
1098,399
1102,10
1146,1095
1082,772
1112,1086
1083,34
1105,181
1093,13
1060,968
1119,466
1139,1139
1088,1
1164,771
1126,2
1115,1113
1152,457
1113,1112
1135,84
1141,438
1157,57
1149,650
1080,54
1135,551
1179,75
1101,680
1149,90
1188,696
1161,90
1165,810
1131,95
1145,775
1224,150
1221,912
1542,538
1732,974
1941,847
2281,1124
2464,1194
2862,1393
3608,1914
0,0
0,0
0,0
0,0
0,0
0,0
0,0
0,0
0,0
0,0
0,0
0,0
0,0
0,0
0,0
678,586
471,22
663,150
763,586
939,116
739,605
1079,902
772,77
1085,287
784,530
1100,239
764,489
1080,1055
755,16
1149,245
822,512
1128,75
771,667
1108,1044
790,161
1139,112
808,232
1140,81
796,173
1106,1031
829,314
1139,373
788,216
1151,394
823,200
1159,614
808,208
1175,623
1068,378
1406,980
0,0
1196,590
1393,489
1291,763
0,0
939,304
1025,298
1024,563
1388,327
1544,1120
1595,373
1773,1274
1925,450
1973,1389
2292,631
2638,1864
0,0
0,0
0,0
0,0
0,0
0,0
0,0
0,0
0,0
0,0
0,0
0,0
0,0
1054,622
785,241
1098,516
791,485
1097,189
783,690
1075,281
778,460
1113,1
848,842
1312,0
838,838
1379,4
1007,864
0,0
780,656
1111,15
790,790
1132,0
805,529
1129,19
807,546
1127,6
782,550
1132,139
819,511
1107,305
815,536
1131,73
831,547
1164,138
821,514
1143,112
814,565
1230,262
1047,741
1163,260
1100,822
1199,437
1216,828
1120,307
1383,945
1242,299
1562,1016
1707,580
1721,1088
2149,862
2779,1361
3043,1781
3172,976
0,0
0,0
0,0
0,0
0,0
0,0
0,0
0,0
0,0
0,0
0,0
0,0
1053,610
776,102
1105,404
787,522
1152,91
775,627
1101,1039
771,49
1052,107
782,571
1124,142
797,574
1147,977
750,65
1130,146
785,607
1067,154
809,593
1097,930
808,229
1143,237
791,348
1086,232
807,469
1096,839
802,468
1147,314
833,382
1133,217
821,497
1148,320
825,429
1125,238
854,541
1138,397
1040,449
1192,542
1171,429
1177,568
1263,452
1206,623
1588,326
1757,1429
2190,250
2080,1816
2656,155
1762,1608
0,0
1985,1811
0,0
2037,1865
0,0
0,0
0,0
0,0
0,0
0,0
0,0
0,0
0,0
0,0
0,0
0,0
0,0
456,55
658,590
483,64
1105,46
762,670
1099,935
769,115
1081,918
767,98
1099,127
795,558
1109,913
774,87
1119,1001
803,88
1170,135
789,610
1158,835
789,224
1140,849
808,228
1101,57
812,280
1117,842
754,202
971,710
753,299
1090,133
834,280
1137,194
830,285
1128,227
840,222
1165,474
1003,377
1149,534
1079,333
1158,525
1253,430
1188,574
1382,507
1241,786
1535,658
1607,856
1880,696
1979,1237
2245,761
2373,1580
2783,725
0,0
0,0
0,0
0,0
0,0
0,0
0,0
0,0
0,0
0,0
0,0
0,0
0,0
0,0
0,0
764,323
1081,978
788,138
1068,42
782,724
1112,555
803,298
1127,850
773,175
1105,28
796,730
1057,527
777,497
1106,410
779,493
1151,0
808,807
1168,256
783,489
1093,454
811,429
1130,0
799,543
1124,363
774,468
1151,551
806,575
1083,42
833,602
1142,56
841,544
1160,43
809,584
1150,36
999,792
1104,48
1106,856
1150,30
1239,1020
1180,14
1363,1185
1270,144
1600,1217
1605,157
1777,1582
2010,139
2074,1907
2323,103
2590,2406
0,0
0,0
0,0
0,0
0,0
0,0
0,0
0,0
0,0
0,0
0,0
0,0
0,0
619,192
1061,958
799,118
1098,406
800,651
1089,846
761,111
1104,840
785,110
1038,371
810,575
1117,820
800,173
1160,848
815,166
1129,128
776,646
1092,216
805,378
1104,540
821,366
1151,217
815,460
1113,281
794,441
1093,294
842,535
1157,268
821,517
1176,114
849,605
1164,40
852,629
1142,59
990,793
1210,22
1062,918
1200,25
1248,1057
1174,38
1338,1111
1262,191
1525,1281
1752,179
1847,1621
2087,252
2246,1938
2744,158
3034,2803
0,0
0,0
0,0
0,0
0,0
0,0
0,0
0,0
0,0
0,0
0,0
0,0
0,0
0,0
0,0
0,0
0,0
577,142
742,664
705,67
1092,35
974,888
1070,948
981,85
1087,998
988,51
1117,39
980,897
1088,761
973,147
1125,936
1042,113
1116,18
998,975
1138,735
981,252
1145,864
1013,190
1120,23
1036,981
1074,826
1046,286
1128,847
1017,308
1168,100
1057,360
1114,197
1044,358
1102,149
1036,627
1130,129
1059,688
1130,105
1088,672
1165,141
1078,689
1184,204
1344,884
1207,347
1507,1023
1585,495
1854,1167
1879,739
2156,1333
2260,833
2604,1377
0,0
0,0
0,0
0,0
0,0
0,0
0,0
0,0
0,0
0,0
0,0
0,0
0,0
990,578
1073,955
1012,128
1021,50
943,805
0,0
545,23
757,691
800,416
1087,47
888,214
1097,728
903,125
1089,939
906,260
1115,733
910,5
1093,1081
924,11
1131,1125
954,186
1087,824
939,190
1165,1160
945,5
1131,1127
964,184
1118,824
938,123
1121,1108
990,55
1147,1133
960,70
1168,665
964,33
1120,779
992,93
1113,727
937,64
1138,801
994,84
1157,796
962,83
1127,831
1207,208
1170,841
1354,352
1277,851
1561,352
1623,1242
1710,334
1966,1494
2163,515
2386,1749
2977,604
0,0
0,0
0,0
0,0
0,0
0,0
0,0
0,0
0,0
0,0
0,0
921,120
1017,918
897,419
1089,46
891,136
1085,732
925,101
976,868
911,521
1106,290
940,11
1089,1077
923,4
1095,1095
926,433
1053,556
950,0
1096,1094
937,1
1138,1138
945,160
1105,716
947,79
1070,1067
969,156
1116,1116
1004,163
1188,924
1360,132
1634,1476
0,0
1487,1380
0,0
1651,1510
0,0
1479,1343
0,0
1495,1401
2209,34
2362,2343
0,0
1979,1942
0,0
1778,1708
0,0
3068,2971
0,0
2889086,2889086
0,0
0,0
930,119
1067,991
893,753
1113,49
915,73
1099,889
915,65
1097,989
916,782
1101,64
917,153
1104,847
970,97
1079,950
925,792
1100,60
940,114
1116,881
932,142
1130,913
943,906
1090,36
926,198
1125,898
923,217
1171,952
967,240
1163,230
978,169
1116,377
953,197
1141,375
955,160
1177,557
943,184
1150,549
1034,142
1167,700
1159,426
1176,419
1322,536
1255,724
1559,488
1649,1173
1752,440
1978,1425
2328,451
2389,1859
2853,505
0,0
0,0
0,0
0,0
0,0
0,0
0,0
0,0
0,0
0,0
0,0
0,0
0,0
0,0
0,0
637,584
518,429
658,235
851,734
1055,103
901,70
1106,1008
923,627
1060,90
903,731
1072,78
938,94
1092,948
922,725
1108,94
922,739
1089,7
949,110
1102,860
936,882
1130,24
945,896
1126,13
969,283
1144,822
959,417
1143,158
939,329
1158,226
981,538
1150,258
904,496
1147,142
949,738
1198,39
974,781
1169,25
1028,824
1188,52
1267,932
1230,101
1465,1057
1527,407
1864,956
1842,855
2419,860
2602,1718
3426,884
3475,2593
0,0
0,0
0,0
0,0
0,0
0,0
0,0
0,0
0,0
0,0
0,0
0,0
0,0
0,0
0,0
825,590
581,466
774,156
812,733
759,13
624,23
827,794
700,615
1007,35
880,825
1018,31
917,43
1100,972
895,713
1002,79
825,677
813,80
649,61
910,804
930,683
951,145
806,611
1050,75
900,178
990,763
899,174
1101,281
901,161
1141,204
923,268
923,206
877,260
754,181
823,283
907,303
757,260
1039,277
852,446
911,237
1178,607
947,305
1248,643
1419,623
1545,730
1833,901
2023,945
1988,958
2387,963
2824,1911
0,0
0,0
0,0
0,0
0,0
0,0
0,0
0,0
0,0
0,0
0,0
0,0
0,0
1097,629
822,615
1039,308
893,728
1037,57
889,154
1077,962
888,676
1078,116
877,703
1083,137
893,87
1118,931
876,697
1111,88
907,723
1104,108
894,98
1107,859
925,775
1122,151
902,752
1114,94
940,256
1142,906
909,260
1115,222
923,220
1127,157
911,280
1092,291
955,271
1167,253
948,210
1185,445
990,230
1170,537
1015,361
1198,638
1299,466
1215,689
1423,465
1573,1079
1670,494
1847,1208
1947,634
2242,1459
2475,749
2671,1650
0,0
0,0
0,0
0,0
0,0
0,0
0,0
0,0
0,0
0,0
0,0
0,0
0,0
634,581
170,170
763,97
275,275
1085,59
194,193
1080,949
187,187
1094,143
191,175
1079,100
156,150
1105,858
126,1
1151,194
133,126
1092,241
134,86
1152,1126
123,0
1131,242
132,70
1131,197
134,31
1119,1085
128,0
1164,493
123,5
1151,422
120,74
1144,505
131,0
1160,478
160,82
1165,612
158,135
1182,697
168,0
1219,644
173,78
1193,909
181,89
1577,1291
196,73
1803,1492
206,147
2093,1595
224,167
2769,2131
0,0
0,0
0,0
0,0
0,0
0,0
0,0
0,0
0,0
0,0
0,0
0,0
0,0
1079,614
272,269
1046,653
213,213
988,215
208,205
1109,1104
179,175
1079,580
163,136
960,312
157,145
1011,1000
162,0
779,435
116,5
1073,434
159,90
1053,1049
179,0
1125,750
140,5
1121,519
124,58
1163,1161
136,0
1140,616
137,2
1144,568
132,20
1147,719
143,0
1159,767
137,23
1174,969
159,77
1202,954
169,0
1206,948
184,82
1217,1066
196,120
1600,1303
238,167
1932,1538
239,159
2238,1843
284,103
2755,2302
0,0
0,0
0,0
0,0
0,0
0,0
0,0
0,0
0,0
0,0
0,0
0,0
0,0
1113,615
290,290
1105,190
240,240
1140,155
202,201
1126,1010
191,181
1108,283
187,142
1128,205
156,145
1146,999
166,0
1166,921
170,0
1124,1007
187,0
1134,1133
166,0
1198,1184
183,0
1154,1129
168,0
1169,1169
194,0
1137,741
178,0
1225,824
207,0
1202,795
210,0
1235,912
207,0
1256,969
202,0
1606,1412
0,0
1718,1502
0,0
1822,1598
340,0
2347,2309
0,0
2562,2461
0,0
4941,4755
0,0
8480,8438
0,0
0,0
0,0
673,593
570,570
811,336
713,691
1022,172
922,916
1093,279
605,605
1127,2
728,728
1077,2
681,681
1151,111
633,633
1158,3
624,624
1186,0
1020,1020
1179,6
919,919
1133,43
859,859
1159,1
595,595
1160,368
526,526
1184,164
860,860
1198,402
983,983
1185,470
1142,1142
1173,381
1001,1001
1197,450
1027,1027
1325,260
1331,1331
1833,163
1606,1606
1266,72
1061,1061
1646,124
861,861
1919,183
722,722
2153,279
650,650
2817,297
0,0
0,0
0,0
0,0
0,0
0,0
0,0
0,0
0,0
0,0
0,0
0,0
0,0
1080,616
898,897
1012,631
643,643
1065,262
596,596
914,911
423,423
826,665
541,509
973,759
575,46
1112,1112
586,0
1072,879
562,0
1054,948
482,0
1152,1152
469,0
1197,1185
440,0
1162,1162
461,0
1312,1312
442,0
1205,885
388,0
1172,970
443,0
1279,1248
470,0
1249,1184
501,0
1269,1234
515,0
1285,1272
566,0
1304,1290
589,0
1617,1597
0,0
1668,1569
0,0
1746,1426
1199,0
2333,2079
0,0
2358,2172
1002,0
3434,3274
2071,0
0,0
0,0
0,0
0,0
0,0
0,0
0,0
0,0
0,0
0,0
0,0
0,0
0,0
0,0
0,0
0,0
1104,615
936,936
1125,368
907,804
1107,72
727,727
1093,918
691,691
1137,523
451,441
1147,346
492,471
1127,1113
419,416
1145,418
385,0
1151,567
418,99
1178,1167
410,103
1148,649
362,0
1160,659
332,0
1173,1173
390,0
1149,403
391,0
1202,443
464,0
1206,615
566,0
1212,628
604,0
1210,735
670,0
1224,830
776,189
1215,729
660,0
1248,925
745,738
1625,1313
745,724
1849,1542
651,629
2172,1815
601,570
2676,2151
0,0
0,0
0,0
0,0
0,0
0,0
0,0
0,0
0,0
0,0
0,0
0,0
0,0
2847,603
24,18
3702,0
33,0
4895,1407
33,10
4952,590
31,9
4955,4600
34,0
5042,5042
37,0
4892,4892
36,1
4717,4717
34,0
4951,4951
37,0
4973,4973
37,0
4697,4697
39,0
5156,5156
38,0
5319,5319
0,0
5248,5248
0,0
5458,5458
70,0
5336,5336
0,0
5591,5591
0,0
6490,6490
71,1
5569,5569
80,3
5150,5150
97,7
5374,5374
0,0
7831,7831
0,0
2892305,2892305
0,0
0,0
0,0
4954,615
38,31
4900,880
33,1
4998,1206
32,25
5022,35
30,25
5017,1218
31,0
4858,4715
32,1
4827,4709
31,2
4912,4912
32,1
4888,4888
32,0
4974,4974
37,0
4910,4910
37,0
4943,4943
36,8
5110,5110
39,0
5110,5110
43,4
4943,4943
42,3
5039,5039
42,1
5115,5115
49,1
5316,5316
47,2
5441,5441
56,0
5364,5364
57,0
5183,4919
65,3
5106,4966
72,6
5349,5083
97,17
5062,4983
119,30
5268,5098
0,0
0,0
0,0
0,0
0,0
0,0
0,0
0,0
0,0
0,0
0,0
0,0
0,0
4427,611
35,29
5060,1040
33,1
4786,1407
33,21
4954,0
32,21
4956,1809
33,0
4972,4815
31,5
4964,2407
28,11
4758,4758
29,1
4926,4460
30,1
5097,5097
29,2
4947,4947
30,0
5088,4953
30,3
5079,3519
30,8
4964,4964
32,0
5042,5042
32,2
5206,5206
37,0
5129,5129
38,0
4994,4994
47,0
5358,5358
45,0
5118,5118
48,0
5073,5064
55,0
5147,5112
0,0
5198,5198
71,6
4981,4907
89,8
4959,4841
118,10
0,0
0,0
0,0
0,0
0,0
0,0
0,0
0,0
0,0
0,0
0,0
0,0
566,566
662,597
371,0
1065,51
560,560
1124,1012
635,0
1101,1022
511,511
1108,738
474,0
1174,1169
482,0
1172,1171
513,0
1120,1015
527,0
1162,1160
397,0
1188,1184
401,0
1141,1083
552,0
1089,1089
511,0
1214,1214
489,0
1320,1263
1019,0
1411,1390
1657,0
2078,2072
0,0
2532,2529
0,0
1977,1972
0,0
1785,1770
0,0
2295751,2295751
0,0
0,0
935,603
1110,1004
801,0
1173,512
690,690
1109,512
738,162
1119,739
635,627
1157,1014
591,0
1107,1093
603,0
1151,1151
505,0
1151,1085
443,0
1166,1166
484,0
1159,1158
447,0
1180,1116
423,0
1209,1209
525,0
1200,1198
472,0
1219,1079
476,0
1245,1177
702,0
1222,1089
581,0
1336,1278
1026,0
1492,1451
556,0
1685,1652
1632,0
2428,2378
0,0
6195,5728
2993,0
5640,4635
3648,53
9976,9517
0,0
12494,12199
1808,0
16059,15782
1652,0
0,0
0,0
0,0
0,0
0,0
0,0
0,0
0,0
0,0
0,0
0,0
0,0
0,0
874,603
1117,985
564,0
1142,50
605,605
1131,998
661,0
1100,1012
732,732
1121,835
653,0
1147,1123
785,0
1148,1146
754,0
1130,1089
710,0
1169,1151
669,0
1192,1191
668,0
2319,2150
0,0
0,0
470,0
1118,993
434,0
1130,529
341,1
1093,605
324,1
1120,890
266,2
1129,80
235,2
1117,870
261,0
1116,1114
270,0
1151,928
277,0
1149,1147
254,0
1082,1081
289,0
1173,957
321,0
1155,1154
344,0
1196,1196
303,0
1250,1099
364,0
1772,1716
0,0
1378,1302
0,0
1179,1108
0,0
237,120
257,114
291,163
393,195
411,185
435,230
430,204
450,234
457,226
462,227
474,239
484,245
500,236
510,244
501,250
535,275
560,266
467,233
596,244
555,333
574,209
632,375
653,278
636,394
703,263
723,456
757,258
763,498
793,278
827,497
868,369
878,498
932,386
954,532
1026,421
1073,603
1093,457
1183,704
1274,543
1302,721
1381,645
1506,633
1559,855
1736,667
1815,1074
2015,819
2114,1104
2413,1031
2975,2171
0,0
0,0
0,0
0,0
0,0
0,0
0,0
0,0
0,0
0,0
0,0
0,0
0,0
387,202
391,196
406,211
414,195
415,219
427,207
421,235
454,200
441,213
478,223
485,265
484,161
511,328
527,187
518,306
549,178
538,322
567,175
610,407
602,212
637,415
614,214
609,366
571,235
463,290
414,132
682,500
636,176
769,553
737,221
828,571
815,221
747,536
922,268
950,656
740,226
962,640
1162,353
1094,727
1198,390
1291,791
1207,402
1486,937
1638,506
1784,1053
1782,686
2348,1359
2454,1032
3037,1506
0,0
0,0
0,0
0,0
0,0
0,0
0,0
0,0
0,0
0,0
0,0
0,0
0,0
364,181
354,165
350,181
327,164
260,137
374,172
406,203
443,223
467,261
458,205
467,240
489,229
485,231
483,237
382,206
273,113
331,171
486,202
419,243
508,180
342,230
267,93
479,319
474,152
603,412
338,110
397,278
638,215
595,389
740,245
831,550
724,268
936,509
766,243
971,662
986,308
1099,732
1085,357
1222,782
1310,466
1388,895
1467,504
1593,1067
1704,501
1820,1232
2003,592
2130,1424
2395,711
2721,1694
0,0
0,0
0,0
0,0
0,0
0,0
0,0
0,0
0,0
0,0
0,0
0,0
0,0
208,112
230,105
282,156
387,191
368,190
417,192
364,178
422,220
421,195
459,245
356,176
472,243
424,214
515,252
507,197
539,314
532,214
574,248
581,284
607,306
624,303
643,363
643,265
673,407
698,220
730,479
597,212
769,490
770,293
838,537
851,328
866,475
964,416
964,501
840,394
1055,560
1111,469
1188,718
1222,488
1264,739
1424,576
1098,586
1269,674
1745,687
1839,821
2012,1080
2157,956
2418,1285
2873,1176
0,0
0,0
0,0
0,0
0,0
0,0
0,0
0,0
0,0
0,0
0,0
0,0
0,0
347,186
331,169
303,153
362,180
331,161
421,205
360,173
407,212
428,162
424,266
438,176
442,274
486,217
506,277
466,210
505,300
543,235
569,318
553,210
583,349
621,254
624,382
637,250
672,415
699,261
723,486
734,263
746,501
785,232
791,550
853,213
887,678
933,179
962,750
1025,174
1092,905
1119,192
1173,978
1264,176
1321,1126
1397,159
1413,1256
1490,131
1735,1556
1911,84
2071,1967
2222,99
2492,2381
3097,29
0,0
0,0
0,0
0,0
0,0
0,0
0,0
0,0
0,0
0,0
0,0
0,0
0,0
385,221
395,191
408,203
408,210
424,233
435,225
438,230
434,187
433,227
467,210
484,272
483,201
509,279
516,238
526,278
536,235
554,279
560,258
580,316
592,268
619,335
641,297
642,336
657,295
696,364
707,359
726,353
733,375
773,393
831,450
846,380
853,483
816,288
943,603
883,260
983,642
1075,372
1170,735
1201,415
1275,809
1432,450
1490,1005
1633,467
1687,1075
1808,604
2060,1327
2143,719
2304,1392
2850,1047
0,0
0,0
0,0
0,0
0,0
0,0
0,0
0,0
0,0
0,0
0,0
0,0
0,0
210,106
249,121
307,169
403,174
401,207
426,212
428,242
432,217
451,252
467,216
476,259
488,239
491,246
481,252
502,196
525,361
476,175
497,301
504,208
557,322
516,218
576,336
604,266
542,310
639,287
709,339
716,372
766,355
764,395
687,289
795,439
774,334
697,397
565,262
800,425
801,376
1019,472
1055,445
1111,587
1019,489
1225,568
1424,717
1469,638
1697,928
1801,757
1932,1049
2030,763
2125,1304
2857,820
0,0
0,0
0,0
0,0
0,0
0,0
0,0
0,0
0,0
0,0
0,0
0,0
0,0
293,148
346,166
375,191
393,191
417,201
376,201
391,181
413,220
416,227
358,174
481,234
482,228
505,270
513,231
491,268
523,225
534,292
524,225
593,313
564,268
601,313
600,265
653,365
658,318
660,321
717,255
767,524
736,230
743,507
805,250
773,550
738,238
828,539
949,286
1006,711
1031,295
1120,782
1141,309
1077,766
1273,350
1304,993
1334,328
1507,1141
1600,362
1489,1105
1525,314
1967,1495
1997,464
2005,1598
0,0
0,0
0,0
0,0
0,0
0,0
0,0
0,0
0,0
0,0
0,0
0,0
0,0
381,200
351,183
326,164
350,172
348,151
391,186
436,202
435,201
434,238
469,224
476,232
489,224
516,259
523,218
544,294
543,206
543,367
583,210
591,369
663,228
674,464
505,145
622,440
591,196
542,333
743,244
611,417
792,262
818,545
816,278
731,483
920,326
908,554
1007,364
999,631
1104,414
1150,608
1141,443
1260,785
1338,372
1324,937
1481,361
1559,1139
1702,431
1803,1310
1941,432
2177,1709
2335,405
2576,2197
0,0
0,0
0,0
0,0
0,0
0,0
0,0
0,0
0,0
0,0
0,0
0,0
0,0
207,102
228,122
281,142
389,182
380,206
378,178
424,220
433,196
449,246
457,216
479,245
465,231
483,259
434,212
449,222
535,274
541,271
454,218
577,288
590,293
620,301
622,310
649,326
657,314
707,357
719,365
742,368
751,370
802,429
836,401
827,398
859,437
932,480
957,467
985,468
1065,555
1131,554
1075,463
1163,704
1298,424
1425,974
1497,467
1572,1080
1358,350
1694,1212
2062,349
1804,1483
2034,223
2821,2473
0,0
0,0
0,0
0,0
0,0
0,0
0,0
0,0
0,0
0,0
0,0
0,0
0,0
0,0
0,0
379,194
381,188
394,214
408,201
356,184
418,196
349,165
443,205
449,220
417,192
401,210
489,206
380,215
513,218
503,285
398,134
428,274
565,204
576,398
589,176
600,411
639,190
647,402
665,212
689,463
736,244
755,524
770,235
790,534
835,251
782,571
855,263
937,695
816,180
794,628
1063,226
900,707
1179,187
1238,1004
1305,249
1389,1119
1443,280
1620,1260
1770,280
1824,1543
2075,282
2136,1821
2260,309
2757,2320
0,0
0,0
0,0
0,0
0,0
0,0
0,0
0,0
0,0
0,0
0,0
0,0
0,0
290,154
394,187
308,154
392,189
353,177
395,186
367,189
342,163
453,235
456,224
367,185
373,167
505,271
505,234
433,214
533,251
482,244
550,274
438,232
607,318
369,172
588,334
600,279
512,267
672,296
556,215
592,345
626,252
800,470
828,350
849,434
862,437
925,433
971,499
992,463
868,437
917,456
1208,556
1278,738
1072,354
1240,830
1603,421
1699,1261
1548,296
1652,1327
1804,161
2328,2124
3055,53
2764,2725
0,0
0,0
0,0
0,0
0,0
0,0
0,0
0,0
0,0
0,0
0,0
0,0
0,0
0,0
0,0
0,0
0,0
1232,628
1853,1641
2197,1495
2074,569
2084,524
2263,1252
2253,1649
2203,1377
2280,1694
1966,616
2312,1039
2178,557
2180,1785
1999,1345
1873,1164
2091,27
1955,407
2041,1183
2120,2084
2239,1605
2195,1138
2146,16
2001,448
2266,1393
2323,2287
2285,1668
2064,831
1995,511
2235,874
2109,1069
1859,345
2313,1040
2189,640
2313,1387
2234,916
1754,825
2198,865
2342,1043
2385,926
2459,1180
2383,911
2499,1363
3173,1613
3420,1331
3751,2243
4123,1524
4338,2462
4985,1561
5984,4638
0,0
0,0
0,0
0,0
0,0
0,0
0,0
0,0
0,0
0,0
0,0
0,0
0,0
2168,700
2195,1930
2199,1406
2255,846
2226,221
2262,1351
2237,1474
2199,1958
2127,684
2253,896
1209,130
2161,1541
2149,1319
1817,1719
2175,584
1817,1257
2136,99
2024,1544
2098,1037
1987,1828
1597,286
2232,486
2023,352
1943,1021
2166,2047
2196,1746
2296,1211
2303,917
2311,808
2334,1082
2287,671
2343,774
2380,681
2346,989
2293,1507
2411,650
2206,1376
2248,601
1612,821
2268,575
2142,1262
2692,947
3141,2091
3275,774
3557,2697
4229,698
4437,3629
5108,677
5906,5032
0,0
0,0
0,0
0,0
0,0
0,0
0,0
0,0
0,0
0,0
0,0
0,0
0,0
0,0
0,0
1960,666
2210,1935
2202,798
2240,1116
2291,991
2263,740
2260,1159
2280,1484
2267,1316
2278,756
2252,1223
2322,436
2248,2046
2239,1167
2272,1691
2308,775
2288,1054
2182,503
2275,1884
2329,1310
2288,1513
2318,601
2288,319
2305,1500
2239,1562
2327,1970
2318,748
2365,1378
2350,591
2403,1198
2289,778
2339,1296
2361,783
2306,1246
2336,824
2432,1409
2389,732
2421,1595
2381,572
2473,1732
2448,481
2977,1777
3166,1244
3488,1790
3818,1538
4241,2571
4504,1492
4911,3022
5643,1910
0,0
0,0
0,0
0,0
0,0
0,0
0,0
0,0
0,0
0,0
0,0
0,0
0,0
1286,628
1896,1763
2203,1140
2161,1066
2131,316
2113,1229
2179,1229
2268,1815
2288,832
2309,1335
2330,304
2276,1190
2269,1329
2304,1819
2241,953
2194,629
2242,423
2300,1028
2351,1869
2306,1999
2364,401
2405,1672
2344,41
2316,1547
2348,1028
2369,2113
2426,481
2385,1939
2375,275
2428,1907
2398,438
2372,1862
2389,179
2386,2026
2414,160
2458,2134
2416,152
2426,2026
2494,144
2508,2107
2474,144
2876,2486
3334,418
3483,3036
3680,530
4117,3498
4476,528
4987,4435
5870,514
0,0
0,0
0,0
0,0
0,0
0,0
0,0
0,0
0,0
0,0
0,0
0,0
0,0
2257,728
2220,1965
2214,802
2293,1240
2217,1055
2230,717
2241,1171
2299,1467
2288,1224
2334,691
2230,1811
2274,157
2273,1873
2347,799
2237,1672
2288,432
2312,1917
2317,32
2320,2262
2579,168
2613,2441
0,0
2582,2437
0,0
2426,2340
3061,8
3040,3028
0,0
2665,2661
0,0
2490,2296
2866,153
2776,2607
0,0
2635,2409
2390,217
2436,2184
2379,145
2427,2232
2355,94
2409,2277
2545,48
2691,2646
2698,69
2698,2622
3630,186
3800,3592
0,0
5331,4925
0,0
11783,11604
0,0
3142020,3142020
0,0
5926931,5926931
0,0
0,0
0,0
2213,691
2245,2073
2232,1174
2281,1058
2201,364
2245,1233
2265,1222
2284,1854
2246,1130
2278,1116
2264,442
2289,932
2197,1217
2276,1747
2260,937
2241,862
2251,304
2315,1348
2261,1788
2315,1996
2282,794
2337,967
2293,390
2300,1071
2212,2027
2118,1592
2281,1188
2292,817
2255,922
2295,1218
2288,1124
2182,1046
2182,1013
2243,982
2279,1172
2324,965
2363,1395
2364,851
2445,1514
2459,889
2424,1323
2733,1096
3416,1830
3521,1579
3855,2050
4501,2356
4756,1919
5554,3569
7275,1763
0,0
0,0
0,0
0,0
0,0
0,0
0,0
0,0
0,0
0,0
0,0
0,0
0,0
0,0
0,0
1346,641
952,591
2197,1377
1203,966
2263,186
1218,247
2232,1343
1254,1002
2260,1013
1232,962
2273,373
1244,339
2217,1348
1251,386
2250,1206
1240,386
2248,270
1284,548
2261,1747
1246,491
2301,944
1280,318
2266,537
1277,311
2297,2215
1328,439
2320,1493
1529,627
2299,1441
1654,575
2334,1353
1790,782
2345,1514
1930,567
2415,1655
2128,556
2299,1341
2370,634
2356,1401
2672,585
2383,1682
2978,607
3146,2511
3434,581
3606,2932
3966,662
4362,3606
5029,614
5585,4781
0,0
0,0
0,0
0,0
0,0
0,0
0,0
0,0
0,0
0,0
0,0
0,0
0,0
0,0
0,0
0,0
0,0
2127,707
1223,651
2278,940
1242,956
2186,279
1268,195
2237,923
1228,881
2228,1007
1255,935
2247,386
1236,260
2237,1697
1251,330
2285,1282
1260,292
2196,374
1228,435
2246,1657
1299,416
2244,650
1301,528
2248,477
1308,290
2229,2169
1322,431
2282,1115
1565,513
2223,1031
1670,552
2270,1489
1775,633
2293,1380
1950,701
2215,1447
1928,741
2218,1191
2391,1004
2365,1231
2671,1074
2429,1045
2891,1182
3178,1791
3517,1304
3711,2291
4294,1323
4532,3241
5153,894
5520,4403
0,0
0,0
0,0
0,0
0,0
0,0
0,0
0,0
0,0
0,0
0,0
0,0
0,0
2264,692
1230,669
2220,1475
1235,980
2236,153
1247,416
2235,1471
1237,826
2243,1140
1241,892
2241,435
1246,534
2266,1299
1265,438
2221,1105
1264,216
2215,538
1258,325
2215,2066
1238,350
2248,1521
1302,351
2203,818
1292,449
2294,1996
1339,445
2305,1477
1541,534
2242,1599
1634,482
2299,1669
1796,603
2352,1427
1970,656
2360,1735
2159,678
2382,1632
2402,740
2300,1407
2665,876
2458,1520
3021,918
3075,2152
3550,786
3634,2815
3870,829
4316,3278
5055,1061
5708,4563
0,0
0,0
0,0
0,0
0,0
0,0
0,0
0,0
0,0
0,0
0,0
0,0
0,0
697,115
1919,1702
1210,527
2182,804
1239,378
2217,977
1240,230
2254,1848
1258,852
2249,1053
1279,446
2273,1305
1263,342
2268,1749
1266,404
2253,1801
1290,262
2309,2104
1355,312
2353,2346
1525,320
2272,2018
0,0
2423,2230
0,0
2476,2434
0,0
1913,1906
1360,230
2359,1927
1579,336
2284,1775
1722,360
2396,2057
1843,291
2316,2115
2026,342
2502,2365
2245,413
2398,2239
2406,437
2451,2247
2769,400
2433,2292
3007,410
3301,2775
3675,430
3937,3412
4745,401
5123,4657
7033,288
7030,6717
0,0
0,0
0,0
0,0
0,0
0,0
0,0
0,0
0,0
0,0
0,0
0,0
0,0
0,0
0,0
0,0
1214,247
2068,1841
1255,934
2249,1269
1234,306
2212,865
1237,198
2253,1990
1201,935
2211,1041
1228,458
2263,1361
1262,147
2227,2072
1258,208
2324,1336
1275,187
2293,1695
1271,307
2290,1853
1271,382
2244,546
1297,443
2329,1192
1314,541
2305,1774
1484,824
2252,1282
1554,823
2319,1432
1732,825
2344,1255
1902,929
2312,1311
2081,995
2392,1304
2419,1014
2526,1371
3527,993
3353,2544
4696,674
4526,3867
0,0
3989,3500
0,0
4170,3830
0,0
4421,4016
0,0
4749,4488
5198,213
5538,5279
6098,128
0,0
0,0
0,0
0,0
0,0
0,0
0,0
0,0
0,0
0,0
0,0
0,0
0,0
1234,229
2261,2013
1257,912
2249,906
1232,317
2222,873
1248,221
2271,1854
1234,943
2256,1230
1247,496
2222,1488
1260,155
2290,2264
1257,167
2265,1252
1276,157
2262,1724
1260,241
2242,2181
1273,295
2301,489
1299,199
2260,2182
1294,319
2356,2294
1463,595
2275,940
1599,641
2353,1348
1715,716
2322,1719
1903,670
2400,1989
2021,714
2351,1725
2238,967
2383,1621
2466,1143
2426,1568
2890,1027
2619,1742
3248,1085
3224,2103
3950,1000
4435,3326
5482,545
6785,6260
7908,126
0,0
0,0
0,0
0,0
0,0
0,0
0,0
0,0
0,0
0,0
0,0
0,0
0,0
0,0
0,0
1299,630
1891,1665
2185,1360
2237,728
2253,272
2221,1461
2260,903
2271,2012
2270,1389
2262,432
2288,306
2261,1511
2216,1159
2268,1914
2231,1157
2238,1063
2304,598
2319,1408
2296,1798
2274,1601
2344,1571
2247,158
2346,1245
2302,729
2269,2161
2329,990
2268,1417
2307,190
2354,1430
2370,517
2302,1741
2321,567
2320,1515
2350,663
2370,1422
2353,549
2359,1488
2352,751
2445,1444
2434,741
2476,1370
2490,1001
3373,1961
3452,1255
3881,2418
4077,1406
4645,2866
4998,1771
5758,3860
0,0
0,0
0,0
0,0
0,0
0,0
0,0
0,0
0,0
0,0
0,0
0,0
0,0
1823,667
2133,1898
2247,1471
2223,973
2188,326
2208,1445
2257,1782
2301,1776
2249,724
2293,1429
2254,417
2296,1246
2262,1477
2287,1788
2180,687
2209,754
2232,381
2187,1176
2296,1859
2273,1529
2272,957
2291,762
2337,718
2171,988
2244,2084
2326,733
2366,1774
2347,122
2369,1866
2366,187
2399,1934
2371,222
2474,2079
2679,153
2696,2535
0,0
2702,2566
0,0
2707,2634
0,0
2599,2528
2615,96
2600,2469
2746,281
3022,2592
3332,465
3687,2980
3855,568
4228,3509
4813,564
5108,4451
5735,576
0,0
0,0
0,0
0,0
0,0
0,0
0,0
0,0
0,0
0,0
0,0
0,0
2262,703
2275,2156
2251,1071
2261,1125
2294,284
2217,1096
2256,1318
2318,1979
2256,1194
2263,1114
2247,342
2297,1553
2221,1571
2239,1559
2284,1196
2287,56
2278,805
2286,803
2308,2008
2320,1362
2300,1471
2301,12
2277,1195
2307,582
2269,2237
2336,1072
2324,1410
2376,872
2383,1475
2344,717
2296,1571
2400,662
2348,1588
2381,473
2353,1857
2472,193
2360,1963
2391,97
2457,2084
2424,69
2443,2208
2590,228
3268,2693
3503,672
3824,3112
4192,778
4558,3772
5153,763
5701,4794
0,0
0,0
0,0
0,0
0,0
0,0
0,0
0,0
0,0
0,0
0,0
0,0
0,0
1335,646
1965,1715
2233,1186
2232,951
2208,327
2220,1046
2292,1455
2222,1984
2295,257
2269,1855
2328,2
2243,2233
2245,322
2279,2266
2233,337
2218,1819
2315,3
2355,2252
2368,503
2319,2307
2340,316
2114,1724
2203,2
2151,2141
2204,155
1770,1751
2555,273
2674,2365
0,0
2555,2343
0,0
2531,2301
3507,67
3729,3664
0,0
3031,2954
0,0
3072,2993
2811,40
2780,2745
3792,41
3651,3615
3072,54
2759,2712
3007,140
3189,2987
3498,198
3574,3379
3943,183
4594,4388
5686,49
6049,6002
0,0
169481,169038
0,0
0,0
0,0
0,0
0,0
0,0
0,0
0,0
2198,707
2180,1884
2255,941
2106,763
2184,1320
2232,547
2119,1508
2183,571
2352,2042
2245,412
2393,2106
2267,20
2402,2338
2255,217
2332,2078
2291,233
2369,2109
2323,13
2390,2369
2552,92
2671,2574
0,0
2388,2337
2799,0
2498,2498
0,0
2004,2001
2057,590
2351,1577
2363,636
2445,1558
2389,676
2502,1636
2335,696
2400,1538
2348,691
2471,1766
2271,497
2467,1985
2433,610
2520,1933
2363,291
2574,2162
2950,633
3445,2474
3431,984
4135,2731
4203,1313
4795,3175
4996,1534
5855,4062
0,0
0,0
0,0
0,0
0,0
0,0
0,0
0,0
0,0
0,0
0,0
0,0
0,0
2193,707
2312,2043
2168,831
2280,1203
2215,932
2296,721
2162,1151
2306,1432
2299,1295
2379,731
2257,1894
2374,93
2257,1915
2342,681
2261,1774
2356,464
2288,1767
2221,131
2265,2066
2322,763
2235,1690
2382,821
2265,1034
2382,684
2292,1931
2349,1710
2259,884
2382,1136
2311,705
2425,1265
2308,955
2416,1369
2323,559
2404,1577
2325,558
2398,1893
2329,172
2439,2039
2357,177
2487,2202
2399,84
2884,2553
3124,386
3540,3112
3627,384
4293,3694
4261,473
5080,4472
5465,409
0,0
0,0
0,0
0,0
0,0
0,0
0,0
0,0
0,0
0,0
0,0
0,0
0,0
1220,626
1726,1605
2016,949
1981,939
2255,283
2146,953
2255,963
2189,1872
2288,1043
2202,1050
2287,555
2239,1192
2299,1315
2283,1572
2328,1738
2259,411
2342,1663
2275,221
2358,2159
2238,731
2338,1754
2272,527
2377,1643
2305,125
2241,2138
2272,964
2356,1502
2345,776
2374,1376
2322,605
2355,1799
2194,365
2102,1295
2334,422
2418,1622
2341,513
2442,1680
2378,490
2514,1851
2538,552
2496,1864
3501,571
3586,2974
0,0
3502,2987
4052,489
4122,3656
5035,466
4759,4238
5810,422
0,0
0,0
0,0
0,0
0,0
0,0
0,0
0,0
0,0
0,0
0,0
0,0
2129,716
2239,1958
2194,927
2194,1050
2118,968
2259,728
2196,1145
2262,1404
2260,1416
2274,680
2243,1832
2269,96
2196,1895
2293,674
2285,1827
2349,456
2244,1543
2323,232
2204,2003
2310,1333
2258,1203
2313,662
2252,597
2355,917
2271,1975
2282,1575
2267,1235
2383,818
2309,1299
2410,708
2298,1433
2387,414
2288,1538
2360,628
2315,1492
2389,671
2308,1359
2403,914
2309,1408
2478,815
2426,1281
2706,952
3150,1861
3587,1559
3772,1940
4123,1860
4655,2244
5129,2376
5715,2932
0,0
0,0
0,0
0,0
0,0
0,0
0,0
0,0
0,0
0,0
0,0
0,0
0,0
1933,676
2329,2011
2196,859
2295,1321
2227,367
2275,767
2193,1112
2299,2024
2247,576
2291,1739
2187,23
2301,1995
2161,428
2311,2290
2220,440
2297,1632
2273,5
2330,2309
2218,891
2347,2339
2306,174
2383,1524
2062,20
1970,1811
1842,719
1904,1799
1554,302
2248,1177
2252,800
2160,1275
2082,525
2123,1210
2284,370
2302,1444
2202,514
2328,1692
2251,453
2373,1618
2259,695
2316,1471
2391,608
2828,1714
3050,1044
3514,2182
3657,1296
4221,2556
4201,1423
5088,3129
5469,1933
0,0
0,0
0,0
0,0
0,0
0,0
0,0
0,0
0,0
0,0
0,0
0,0
0,0
1360,625
1836,1633
2006,1395
2213,807
2286,386
2192,986
2299,1190
2220,1862
2295,714
2203,1497
2301,11
2147,1961
2276,636
2260,2234
2324,308
2211,1645
2257,30
2266,2119
2288,1058
2283,2214
2311,182
2286,1395
2306,18
2293,2184
2303,1301
2280,2232
2319,686
2196,977
2228,656
2227,1044
2263,798
2274,472
2295,1144
2328,710
2462,1524
2332,894
2354,1221
2314,1027
2395,1161
2393,1248
2490,803
2627,1563
3347,1081
3440,2288
3931,823
4061,3188
4679,850
5056,3946
5649,1135
0,0
0,0
0,0
0,0
0,0
0,0
0,0
0,0
0,0
0,0
0,0
0,0
0,0
2229,706
2303,2023
2277,916
2315,1117
2157,949
2299,769
2244,1163
2310,1449
2212,1283
2360,697
2281,1900
2335,80
2227,1879
2310,821
2289,1729
2317,488
2199,1411
2315,121
2272,2235
2334,470
2300,1851
2416,425
2295,1831
2350,39
2328,2243
2379,646
2291,1706
2365,403
2317,1861
2400,372
2323,1968
2484,345
2412,2024
2745,248
2554,2294
3237,68
3037,2958
2815,26
2748,2715
2861,35
2738,2688
4091,153
3944,3751
0,0
4712,4541
5688,108
5953,5820
5828,57
6145,6066
9122,131
0,0
0,0
0,0
0,0
0,0
0,0
0,0
0,0
0,0
0,0
0,0
0,0
0,0
0,0
0,0
0,0
2263,714
2303,2023
2231,815
2312,845
2241,1139
2329,635
2227,1415
2296,822
2233,1862
2304,415
2251,1806
2332,148
2258,1832
2365,875
2311,1828
2329,656
2311,1504
2402,221
2237,2035
2373,1004
2318,1530
2364,776
2270,1067
2433,290
2282,2024
2377,1383
2306,1373
2381,858
2316,1147
2374,1088
2262,988
2431,1281
2349,775
2422,1218
2375,1001
2390,1256
2341,976
2491,1464
2368,923
2477,1235
2460,894
2760,1347
3210,1649
3465,1558
3743,2051
4149,1727
4652,2816
5288,1644
5615,3768
0,0
0,0
0,0
0,0
0,0
0,0
0,0
0,0
0,0
0,0
0,0
0,0
0,0
1256,627
1942,1708
2231,1512
2173,835
2208,315
2187,999
2262,1153
2160,1781
2231,803
2173,1108
2253,275
2204,1522
2249,874
2191,2090
2274,368
2226,1607
2279,71
2204,1963
2270,974
2251,2073
2325,291
2227,1938
2335,15
2250,2060
2310,281
2241,2202
2319,578
2296,1658
2274,537
2337,1590
2396,694
2300,1561
2346,585
2313,1517
2423,768
2370,1481
2384,545
2373,1696
2631,662
2862,2007
4023,642
3527,2852
0,0
3915,3426
0,0
3700,3403
4839,252
4774,4549
6287,189
5211,4981
6221,140
0,0
0,0
0,0
0,0
0,0
0,0
0,0
0,0
0,0
0,0
0,0
0,0
0,0
2200,690
2258,1984
2221,837
2264,1137
2224,967
2294,745
2232,1188
2296,1202
2233,1314
2262,845
2279,1826
2294,156
2192,1919
2290,744
2215,1960
2277,253
2252,1659
2205,194
2312,2295
2302,257
2292,1995
2339,323
2273,1796
2340,101
2288,2287
2372,703
2326,1723
2335,506
2280,1628
2289,393
2311,1817
2182,239
2321,1930
2447,183
1776,1567
1774,33
1402,1379
0,0
1248,1224
2086,25
1558,1520
2231,93
2502,2334
3138,190
1990,1848
2810,107
2598,2490
2649,71
2028,1996
3528,55
0,0
0,0
0,0
0,0
0,0
0,0
0,0
0,0
0,0
0,0
0,0
0,0
0,0
0,0
1909,683
1561,1395
1559,1181
1900,473
2215,410
2317,1045
2214,1479
2289,2007
2222,688
2286,1222
2292,209
2313,850
2265,1950
1725,1483
1835,209
2167,1038
2088,207
2205,1429
2137,1734
2045,1777
1513,32
1023,291
991,1
1064,1062
1179,656
1070,1068
1033,60
1186,399
1215,91
1430,788
1841,241
1543,705
1754,73
1651,1358
1687,80
1314,1038
1714,19
2182,1917
2096,50
1661,1407
1644,93
1584,1345
2266,534
2313,1546
2111,662
3725,2637
3265,652
3210,2523
4045,713
0,0
0,0
0,0
0,0
0,0
0,0
0,0
0,0
0,0
0,0
0,0
0,0
0,0
1368,635
1589,1474
2212,1153
2242,1006
2176,287
1950,957
2106,897
2042,1731
2257,1584
2176,403
2259,278
2204,1612
2282,1979
2163,1820
2235,414
2223,889
2288,1208
2143,447
2196,2137
2216,1199
2287,985
2257,26
2320,1171
2281,560
2252,2043
2225,1150
2324,1188
2273,356
2309,1106
2209,632
2287,1176
2174,367
2427,1786
2150,111
2249,1637
2026,122
2212,1621
2319,280
2284,1698
2192,252
2232,1615
2415,473
2828,2054
3114,648
3747,2949
3986,675
4019,3403
3794,560
5238,4368
0,0
0,0
0,0
0,0
0,0
0,0
0,0
0,0
0,0
0,0
0,0
0,0
0,0
0,0
0,0
2203,716
2247,1960
2179,865
2294,1108
2224,1024
2258,744
1632,1070
1341,981
1922,1143
2203,971
2198,892
2320,505
2039,1834
2108,1389
1938,1212
1773,617
2081,629
2265,953
2251,1939
2338,1641
2228,1363
2179,17
1592,335
1780,1168
2126,1858
2350,1794
2308,881
2280,672
1783,408
2359,780
2169,1020
1718,239
1733,518
1639,372
2211,1020
2401,632
2333,1589
2105,134
2232,1692
2438,82
2328,1935
2156,258
2797,2215
3146,463
3159,2635
3373,430
4410,3661
3809,451
4959,4179
0,0
0,0
0,0
0,0
0,0
0,0
0,0
0,0
0,0
0,0
0,0
0,0
0,0
2065,707
1780,1650
2050,1176
2281,1120
2112,394
1775,1083
1690,1097
1962,1703
1702,193
1792,357
2104,307
2316,1644
2228,1240
2301,1886
2195,1326
2253,680
2168,352
2317,1311
2271,1599
2306,1916
2279,761
2315,1681
2287,143
2166,1462
1750,748
1736,1450
1807,788
1920,1098
2105,642
2426,1407
2260,589
2415,1692
2426,462
2299,1749
2325,398
2426,1920
1780,95
1692,1319
1752,297
2046,1503
2455,406
2898,1957
2875,1156
2753,1364
3722,1935
4961,1631
4697,3147
5393,1438
4612,3587
0,0
0,0
0,0
0,0
0,0
0,0
0,0
0,0
0,0
0,0
0,0
0,0
0,0
0,0
0,0
1199,30
19403,13065
18830,10144
19913,11071
20828,6730
20483,6567
19622,7066
20451,9670
19644,9097
20045,8947
20034,12338
21885,11162
20684,12477
20431,14826
19834,12546
20500,12108
20742,12066
20812,12342
20949,12602
20754,12196
21238,14709
22307,16603
22747,17739
29796,23199
33863,28835
40206,34484
0,0
0,0
0,0
0,0
0,0
0,0
0,0
0,0
0,0
0,0
0,0
0,0
0,0
671,640
627,597
601,21
906,25
1135,52
958,805
858,771
1126,1046
1100,69
1115,34
1096,141
963,572
1096,1088
1117,854
1141,273
1141,10
1096,318
1132,575
1115,1105
1114,794
1123,371
1080,35
1173,483
1152,328
1122,1119
1106,456
1141,509
1173,77
1152,491
1164,90
1166,639
1194,68
1129,859
1211,25
1155,1024
1212,29
1160,1111
1210,19
1204,1157
1186,47
1211,1081
1302,97
1627,1218
1698,370
1838,1456
1934,381
2141,1733
2398,440
0,0
0,0
0,0
0,0
0,0
0,0
0,0
0,0
0,0
0,0
0,0
0,0
0,0
0,0
1127,1069
1093,985
1123,88
1026,37
0,0
20151,11612
63123,24419
65474,22557
65172,31693
64460,34807
35721,19987
38764,36625
40377,24635
40649,19725
42127,39390
40546,14806
42899,30019
42225,38053
42928,22696
43020,21712
43429,37003
43860,27585
44227,15468
43796,27334
49338,13355
49963,4479
58102,4202
0,0
42502,40183
42375,27230
42638,19740
41605,38854
41291,11153
42180,34789
44096,39451
43635,18942
43290,29436
44474,35294
44502,9263
43765,8890
45247,18667
44663,10595
44495,12023
45002,6394
46137,5451
45338,3694
0,0
41845,39637
64590,56802
64525,60872
65741,31578
65009,19545
65274,57923
65254,36169
67292,42837
67170,55510
66829,23129
67565,23109
67535,44090
68057,28247
67226,20278
68750,41075
68955,22855
69494,15768
68730,14842
68569,20782
70583,30456
70959,46543
70649,48458
79544,61992
90012,69342
98013,71957
