,1,10,100,15000,11901,5552
,1,10,100,15000,12405,4258
,1,10,100,15000,12365,4324
,1,10,100,15000,13933,6613
,1,10,100,15000,14304,6809
,1,10,100,15000,14894,7731
,1,10,100,15000,15283,7188
,1,10,100,15000,16079,7527
,1,10,100,15000,17697,7292
,1,10,100,15000,17456,5965
,1,10,100,15000,18284,5577
,1,10,100,15000,18257,5815
,1,10,100,15000,19867,5239
,1,10,100,15000,20778,4241
,1,10,100,15000,0,0
,1,10,100,15000,0,0
,1,10,100,15000,0,0
,1,10,100,15000,0,0
,1,10,100,15000,0,0
,1,10,100,15000,0,0
,1,10,100,15000,0,0
,1,10,100,15000,0,0
,1,10,100,15000,0,0
,1,10,100,15000,16046,10087
,1,10,100,15000,13985,8874
,1,10,100,15000,13445,9211
,1,10,100,15000,0,0
,1,10,100,15000,15732,10238
,1,10,100,15000,14079,9166
,1,10,100,15000,13046,9027
,1,10,100,15000,12900,7918
,1,10,100,15000,13509,8275
,1,10,100,15000,13027,7162
,1,10,100,15000,13101,7467
,1,10,100,15000,13393,7324
,1,10,100,15000,13084,8784
,1,10,100,15000,13231,9265
,1,10,100,15000,13732,10459
,1,10,100,15000,14551,10442
,1,10,100,15000,14118,9966
,1,10,100,15000,15867,10732
,1,10,100,15000,17014,9691
,1,10,100,15000,18152,10207
,1,10,100,15000,17035,11411
,1,10,100,15000,17742,12426
,1,10,100,15000,19019,11943
,1,10,100,15000,18943,11288
,1,10,100,15000,22456,11782
,1,10,100,15000,0,0
,1,10,100,15000,0,0
,1,10,100,15000,0,0
,1,10,100,15000,0,0
,1,10,100,15000,0,0
,1,10,100,15000,0,0
,1,10,100,15000,0,0
,1,10,100,15000,0,0
,1,10,100,15000,15785,6245
,1,10,100,15000,14494,5601
,1,10,100,15000,14516,5028
,1,10,100,15000,14125,5250
,1,10,100,15000,13423,5165
,1,10,100,15000,12883,4892
,1,10,100,15000,13312,5632
,1,10,100,15000,13644,5300
,1,10,100,15000,13195,5239
,1,10,100,15000,12858,5887
,1,10,100,15000,13644,7197
,1,10,100,15000,14822,5440
,1,10,100,15000,15009,4681
,1,10,100,15000,16485,5442
,1,10,100,15000,16861,5475
,1,10,100,15000,17051,5798
,1,10,100,15000,19163,6484
,1,10,100,15000,20754,7455
,1,10,100,15000,20459,7190
,1,10,100,15000,23404,9940
,1,10,100,15000,24242,10461
,1,10,100,15000,30974,13424
,1,10,100,15000,0,0
,1,10,100,15000,0,0
,1,10,100,15000,0,0
,1,10,100,15000,0,0
,1,10,100,15000,0,0
,1,10,100,15000,0,0
,1,10,100,15000,0,0
,1,10,90,10000,0,0
,1,15,90,10000,7114,2369
,1,10,90,10000,0,0
,1,15,90,10000,7088,2371
,1,10,90,10000,0,0
,1,15,90,10000,7069,2587
,1,10,90,10000,10820,7504
,1,15,90,10000,6525,2609
,1,10,90,10000,0,0
,1,15,90,10000,6995,2375
,1,10,90,10000,11384,7564
,1,15,90,10000,6672,2740
,1,10,90,10000,9815,6316
,1,15,90,10000,6306,2267
,1,10,90,10000,9664,6186
,1,15,90,10000,6010,1726
,1,10,90,10000,8537,5476
,1,15,90,10000,5429,1768
,1,10,90,10000,7383,4328
,1,15,90,10000,5739,2191
,1,10,90,10000,8123,5125
,1,15,90,10000,5653,2132
,1,10,90,10000,7886,4388
,1,15,90,10000,5697,2516
,1,10,90,10000,9113,4046
,1,15,90,10000,6120,2991
,1,10,90,10000,8899,3807
,1,15,90,10000,6084,2624
,1,10,90,10000,8785,3560
,1,15,90,10000,6155,3134
,1,10,90,10000,8842,4832
,1,15,90,10000,6108,2554
,1,10,90,10000,8233,5025
,1,15,90,10000,6113,2497
,1,10,90,10000,8914,5473
,1,15,90,10000,6706,2249
,1,10,90,10000,9329,5826
,1,15,90,10000,6767,2458
,1,10,90,10000,10426,6339
,1,15,90,10000,7588,3028
,1,10,90,10000,11705,6796
,1,15,90,10000,8425,3667
,1,10,90,10000,12550,6428
,1,15,90,10000,9576,4519
,1,10,90,10000,13276,7066
,1,15,90,10000,9455,4365
,1,10,90,10000,13374,5982
,1,15,90,10000,9838,4483
,1,10,90,10000,13809,7051
,1,15,90,10000,11422,5255
,1,10,90,10000,15192,8545
,1,15,90,10000,14001,6560
,1,10,90,10000,0,0
,1,15,90,10000,0,0
,1,10,90,10000,0,0
,1,15,90,10000,0,0
,1,10,90,10000,0,0
,1,15,90,10000,0,0
,1,10,90,10000,0,0
,1,15,90,10000,0,0
,1,10,90,10000,0,0
,1,15,90,10000,0,0
,1,10,90,10000,0,0
,1,15,90,10000,0,0
,1,10,90,10000,0,0
,1,15,90,10000,0,0
,1,10,90,10000,0,0
,1,15,90,10000,0,0
,1,10,90,10000,0,0
,1,15,90,10000,0,0
,1,10,90,10000,0,0
,1,15,90,10000,7284,2465
,1,10,90,10000,11100,7538
,1,15,90,10000,6558,2226
,1,10,90,10000,10050,6615
,1,15,90,10000,6499,2280
,1,10,90,10000,9558,6216
,1,15,90,10000,5982,1843
,1,10,90,10000,9312,5882
,1,15,90,10000,6043,2067
,1,10,90,10000,8972,5733
,1,15,90,10000,5914,2324
,1,10,90,10000,8081,5096
,1,15,90,10000,5916,2436
,1,10,90,10000,8954,5375
,1,15,90,10000,6066,1976
,1,10,90,10000,9083,5354
,1,15,90,10000,6056,2278
,1,10,90,10000,9172,4672
,1,15,90,10000,6133,2635
,1,10,90,10000,9040,4941
,1,15,90,10000,6215,2752
,1,10,90,10000,8670,4382
,1,15,90,10000,6758,3599
,1,10,90,10000,9914,5434
,1,15,90,10000,7247,3284
,1,10,90,10000,10002,5302
,1,15,90,10000,7619,3253
,1,10,90,10000,10950,5901
,1,15,90,10000,7843,3551
,1,10,90,10000,12065,6586
,1,15,90,10000,8657,3428
,1,10,90,10000,12972,6944
,1,15,90,10000,9036,3855
,1,10,90,10000,13152,7302
,1,15,90,10000,9367,3846
,1,10,90,10000,14784,9253
,1,15,90,10000,8935,3318
,1,10,90,10000,13010,8164
,1,15,90,10000,10381,3834
,1,10,90,10000,16234,10511
,1,15,90,10000,12765,5027
,1,10,90,10000,16519,10709
,1,15,90,10000,15603,7341
,1,10,90,10000,0,0
,1,15,90,10000,0,0
,1,10,90,10000,0,0
,1,15,90,10000,0,0
,1,10,90,10000,0,0
,1,15,90,10000,0,0
,1,10,90,10000,0,0
,1,15,90,10000,0,0
,1,10,90,10000,0,0
,1,15,90,10000,0,0
,1,10,90,10000,0,0
,1,15,90,10000,0,0
,1,10,90,10000,0,0
,1,15,90,10000,0,0
,1,10,90,10000,0,0
,1,15,90,10000,0,0
,1,10,90,10000,0,0
,1,15,90,10000,0,0
,1,10,90,10000,0,0
,1,15,90,10000,7233,2567
,1,10,90,10000,11489,7874
,1,15,90,10000,6578,2390
,1,10,90,10000,10023,6833
,1,15,90,10000,6468,2311
,1,10,90,10000,9287,5995
,1,15,90,10000,6057,1762
,1,10,90,10000,9396,5861
,1,15,90,10000,5977,2068
,1,10,90,10000,8988,5595
,1,15,90,10000,5969,2231
,1,10,90,10000,8184,5161
,1,15,90,10000,5808,2215
,1,10,90,10000,8625,4390
,1,15,90,10000,5885,2326
,1,10,90,10000,8722,4082
,1,15,90,10000,6149,2969
,1,10,90,10000,8838,3823
,1,15,90,10000,6354,3187
,1,10,90,10000,9712,4236
,1,15,90,10000,6561,3426
,1,10,90,10000,9187,3998
,1,15,90,10000,6791,3275
,1,10,90,10000,9809,4844
,1,15,90,10000,6813,3325
,1,10,90,10000,7697,3528
,1,15,90,10000,6967,2983
,1,10,90,10000,10700,4975
,1,15,90,10000,7609,3445
,1,10,90,10000,10898,5407
,1,15,90,10000,8010,3174
,1,10,90,10000,11697,6771
,1,15,90,10000,8456,3391
,1,10,90,10000,12554,8627
,1,15,90,10000,9159,2884
,1,10,90,10000,13502,9622
,1,15,90,10000,9963,2801
,1,10,90,10000,12883,10721
,1,15,90,10000,9652,1919
,1,10,90,10000,13282,11524
,1,15,90,10000,10646,2991
,1,10,90,10000,13711,11500
,1,15,90,10000,14142,6183
,1,10,90,10000,0,0
,1,15,90,10000,0,0
,1,10,90,10000,0,0
,1,15,90,10000,0,0
,1,10,90,10000,0,0
,1,15,90,10000,0,0
,1,10,90,10000,0,0
,1,15,90,10000,0,0
,1,10,90,10000,0,0
,1,15,90,10000,0,0
,1,10,90,10000,0,0
,1,15,90,10000,0,0
,1,10,90,10000,0,0
,1,15,90,10000,0,0
,1,10,90,10000,0,0
,1,15,90,10000,0,0
,1,10,90,10000,0,0
,1,15,90,10000,0,0
,1,10,90,10000,0,0
,1,15,90,10000,0,0
,1,10,90,10000,0,0
,1,15,90,10000,7141,2442
,1,10,90,10000,10618,6952
,1,15,90,10000,6456,2259
,1,10,90,10000,9675,6385
,1,15,90,10000,6150,2122
,1,10,90,10000,9425,7111
,1,15,90,10000,6102,1669
,1,10,90,10000,8859,6185
,1,15,90,10000,5978,1779
,1,10,90,10000,8990,6799
,1,15,90,10000,5907,1018
,1,10,90,10000,8401,6454
,1,15,90,10000,5852,1417
,1,10,90,10000,8661,6662
,1,15,90,10000,5920,1137
,1,10,90,10000,9012,7271
,1,15,90,10000,6057,1863
,1,10,90,10000,9128,5141
,1,15,90,10000,6072,2492
,1,10,90,10000,8995,4773
,1,15,90,10000,6331,2979
,1,10,90,10000,9554,5731
,1,15,90,10000,6845,2712
,1,10,90,10000,9194,6200
,1,15,90,10000,6965,2709
,1,10,90,10000,9658,6566
,1,15,90,10000,7168,2224
,1,10,90,10000,9956,6601
,1,15,90,10000,7350,2483
,1,10,90,10000,10776,6955
,1,15,90,10000,7375,2717
,1,10,90,10000,11169,6625
,1,15,90,10000,8218,3137
,1,10,90,10000,12286,6455
,1,15,90,10000,9174,3971
,1,10,90,10000,13515,6727
,1,15,90,10000,9696,4256
,1,10,90,10000,13515,5499
,1,15,90,10000,8968,4808
,1,10,90,10000,14707,5245
,1,15,90,10000,12012,5751
,1,10,90,10000,17597,7708
,1,15,90,10000,18493,10017
,1,10,90,10000,0,0
,1,15,90,10000,0,0
,1,10,90,10000,0,0
,1,15,90,10000,0,0
,1,10,90,10000,0,0
,1,15,90,10000,0,0
,1,10,90,10000,0,0
,1,15,90,10000,0,0
,1,10,90,10000,0,0
,1,15,90,10000,0,0
,1,10,90,10000,0,0
,1,15,90,10000,0,0
,1,10,90,10000,0,0
,1,15,90,10000,0,0
,1,10,90,10000,0,0
,1,15,90,10000,0,0
,1,10,90,10000,0,0
,1,15,90,10000,0,0
,1,10,90,10000,0,0
,1,15,90,10000,7434,2558
,1,10,90,10000,11394,7279
,1,15,90,10000,6677,2718
,1,10,90,10000,10086,6435
,1,15,90,10000,6225,2256
,1,10,90,10000,9661,6659
,1,15,90,10000,6238,1884
,1,10,90,10000,9273,5701
,1,15,90,10000,6106,2151
,1,10,90,10000,8932,5572
,1,15,90,10000,6080,2320
,1,10,90,10000,8563,5261
,1,15,90,10000,6070,2403
,1,10,90,10000,9096,5612
,1,15,90,10000,6170,2035
,1,10,90,10000,9108,5578
,1,15,90,10000,6259,2275
,1,10,90,10000,8788,4453
,1,15,90,10000,6391,2719
,1,10,90,10000,7865,4203
,1,15,90,10000,5905,2616
,1,10,90,10000,8889,4420
,1,15,90,10000,6739,3586
,1,10,90,10000,10243,4949
,1,15,90,10000,7217,3541
,1,10,90,10000,10427,5561
,1,15,90,10000,7641,3268
,1,10,90,10000,11563,6488
,1,15,90,10000,7996,3350
,1,10,90,10000,11730,6787
,1,15,90,10000,8200,3073
,1,10,90,10000,12027,8335
,1,15,90,10000,8779,2995
,1,10,90,10000,12292,8765
,1,15,90,10000,9087,2882
,1,10,90,10000,12623,9379
,1,15,90,10000,9428,2523
,1,10,90,10000,12888,10452
,1,15,90,10000,11675,4904
,1,10,90,10000,16112,14300
,1,15,90,10000,13782,8091
,1,10,90,10000,16459,14975
,1,15,90,10000,17540,3484
,1,10,90,10000,0,0
,1,15,90,10000,0,0
,1,10,90,10000,0,0
,1,15,90,10000,0,0
,1,10,90,10000,0,0
,1,15,90,10000,0,0
,1,10,90,10000,0,0
,1,15,90,10000,0,0
,1,10,90,10000,0,0
,1,15,90,10000,0,0
,1,10,90,10000,0,0
,1,15,90,10000,0,0
,1,10,90,10000,0,0
,1,15,90,10000,0,0
,1,10,90,10000,0,0
,1,15,90,10000,0,0
,1,10,90,10000,0,0
,1,15,90,10000,0,0
,1,15,90,10000,0,0
,1,10,90,10000,11637,3854
,1,15,90,10000,7123,4679
,1,10,90,10000,10979,3414
,1,15,90,10000,5541,3418
,1,10,90,10000,10283,2748
,1,15,90,10000,6612,4697
,1,10,90,10000,9895,1731
,1,15,90,10000,6216,4555
,1,10,90,10000,9479,1790
,1,15,90,10000,6256,4502
,1,10,90,10000,10090,2521
,1,15,90,10000,6330,3877
,1,10,90,10000,10075,2321
,1,15,90,10000,6778,4681
,1,10,90,10000,10064,1947
,1,15,90,10000,7019,5193
,1,10,90,10000,10621,1435
,1,15,90,10000,7259,5602
,1,10,90,10000,10805,987
,1,15,90,10000,7510,6071
,1,10,90,10000,10711,1075
,1,15,90,10000,7454,6063
,1,10,90,10000,11590,1032
,1,15,90,10000,7940,6191
,1,10,90,10000,11871,1115
,1,15,90,10000,8235,6333
,1,10,90,10000,11908,1963
,1,15,90,10000,8417,6220
,1,10,90,10000,12442,2351
,1,15,90,10000,8888,6570
,1,10,90,10000,13924,3188
,1,15,90,10000,9432,6707
,1,10,90,10000,14693,3198
,1,15,90,10000,10596,8055
,1,10,90,10000,15167,1500
,1,15,90,10000,11211,9097
,1,10,90,10000,15056,1274
,1,15,90,10000,11224,9394
,1,10,90,10000,0,0
,1,15,90,10000,12110,10071
,1,10,90,10000,14650,831
,1,15,90,10000,11575,8734
,1,10,90,10000,15683,1022
,1,15,90,10000,16039,9693
,1,10,90,10000,0,0
,1,15,90,10000,0,0
,1,10,90,10000,0,0
,1,15,90,10000,0,0
,1,10,90,10000,0,0
,1,15,90,10000,0,0
,1,10,90,10000,0,0
,1,15,90,10000,0,0
,1,10,90,10000,0,0
,1,15,90,10000,0,0
,1,10,90,10000,0,0
,1,15,90,10000,0,0
,1,10,90,10000,0,0
,1,15,90,10000,0,0
,1,10,90,10000,0,0
,1,15,90,10000,0,0
,1,10,90,10000,0,0
,1,15,90,10000,0,0
,1,10,90,10000,11617,3717
,1,15,90,10000,7062,4431
,1,10,90,10000,11061,3585
,1,15,90,10000,6678,4516
,1,10,90,10000,10326,2595
,1,15,90,10000,6655,4980
,1,10,90,10000,10061,1557
,1,15,90,10000,6432,4867
,1,10,90,10000,9651,1552
,1,15,90,10000,6458,5021
,1,10,90,10000,9999,1240
,1,15,90,10000,6482,4648
,1,10,90,10000,10102,1486
,1,15,90,10000,6592,4755
,1,10,90,10000,9598,1057
,1,15,90,10000,6465,4400
,1,10,90,10000,9548,1836
,1,15,90,10000,6489,4355
,1,10,90,10000,9655,1427
,1,15,90,10000,6721,4388
,1,10,90,10000,9600,2458
,1,15,90,10000,6777,4344
,1,10,90,10000,9886,2506
,1,15,90,10000,6982,4212
,1,10,90,10000,10350,3271
,1,15,90,10000,7433,4361
,1,10,90,10000,11065,3986
,1,15,90,10000,7766,4504
,1,10,90,10000,11522,6225
,1,15,90,10000,7938,3678
,1,10,90,10000,12477,6395
,1,15,90,10000,8911,4496
,1,10,90,10000,13369,6086
,1,15,90,10000,9108,4603
,1,10,90,10000,14497,5878
,1,15,90,10000,10516,5609
,1,10,90,10000,16110,6596
,1,15,90,10000,11615,6473
,1,10,90,10000,17291,6909
,1,15,90,10000,13225,6218
,1,10,90,10000,18291,7318
,1,15,90,10000,14352,7920
,1,10,90,10000,18441,11264
,1,15,90,10000,0,0
,1,10,90,10000,0,0
,1,15,90,10000,0,0
,1,10,90,10000,0,0
,1,15,90,10000,0,0
,1,10,90,10000,0,0
,1,15,90,10000,0,0
,1,10,90,10000,0,0
,1,15,90,10000,0,0
,1,10,90,10000,0,0
,1,15,90,10000,0,0
,1,10,90,10000,0,0
,1,15,90,10000,0,0
,1,10,90,10000,0,0
,1,15,90,10000,0,0
,1,10,90,10000,0,0
,1,15,90,10000,0,0
,1,10,90,10000,0,0
,1,15,90,10000,0,0
,1,10,90,10000,11699,3941
,1,15,90,10000,7142,4732
,1,10,90,10000,10782,3181
,1,15,90,10000,6947,4570
,1,10,90,10000,10503,2772
,1,15,90,10000,6133,4711
,1,10,90,10000,9234,1504
,1,15,90,10000,5875,4438
,1,10,90,10000,9254,1451
,1,15,90,10000,5786,4473
,1,10,90,10000,9532,1193
,1,15,90,10000,6099,4355
,1,10,90,10000,8079,1369
,1,15,90,10000,6519,4612
,1,10,90,10000,9709,1094
,1,15,90,10000,6555,4518
,1,10,90,10000,9565,2572
,1,15,90,10000,6375,3801
,1,10,90,10000,9570,2482
,1,15,90,10000,6425,3704
,1,10,90,10000,9748,3191
,1,15,90,10000,5587,3082
,1,10,90,10000,8945,3208
,1,15,90,10000,6688,3660
,1,10,90,10000,10962,4626
,1,15,90,10000,7669,4004
,1,10,90,10000,11638,4877
,1,15,90,10000,8277,4234
,1,10,90,10000,12046,5350
,1,15,90,10000,8492,4214
,1,10,90,10000,12520,5046
,1,15,90,10000,8636,4439
,1,10,90,10000,11990,6070
,1,15,90,10000,9107,4096
,1,10,90,10000,13603,5923
,1,15,90,10000,9731,5095
,1,10,90,10000,13572,5354
,1,15,90,10000,10043,4978
,1,10,90,10000,13678,5350
,1,15,90,10000,10321,5695
,1,10,90,10000,15739,6321
,1,15,90,10000,12808,6907
,1,10,90,10000,18504,11320
,1,15,90,10000,0,0
,1,10,90,10000,0,0
,1,15,90,10000,0,0
,1,10,90,10000,0,0
,1,15,90,10000,0,0
,1,10,90,10000,0,0
,1,15,90,10000,0,0
,1,10,90,10000,0,0
,1,15,90,10000,0,0
,1,10,90,10000,0,0
,1,15,90,10000,0,0
,1,10,90,10000,0,0
,1,15,90,10000,0,0
,1,10,90,10000,0,0
,1,15,90,10000,0,0
,1,10,90,10000,0,0
,1,15,90,10000,0,0
,1,10,90,10000,0,0
,1,15,90,10000,0,0
,1,10,90,10000,0,0
,1,15,90,10000,0,0
,1,10,90,10000,11571,3648
,1,15,90,10000,7141,4541
,1,10,90,10000,11036,3362
,1,15,90,10000,6782,4359
,1,10,90,10000,10427,3000
,1,15,90,10000,6460,4635
,1,10,90,10000,9973,1839
,1,15,90,10000,6476,4364
,1,10,90,10000,9695,1690
,1,15,90,10000,6340,4677
,1,10,90,10000,9072,1696
,1,15,90,10000,5914,3811
,1,10,90,10000,8986,1791
,1,15,90,10000,5990,4509
,1,10,90,10000,8893,1162
,1,15,90,10000,6235,4657
,1,10,90,10000,8741,1948
,1,15,90,10000,6133,4401
,1,10,90,10000,9274,1933
,1,15,90,10000,6609,4513
,1,10,90,10000,9987,3020
,1,15,90,10000,7070,4280
,1,10,90,10000,10716,3320
,1,15,90,10000,7739,4264
,1,10,90,10000,11247,4558
,1,15,90,10000,8268,4163
,1,10,90,10000,12447,5731
,1,15,90,10000,8726,4070
,1,10,90,10000,12433,6002
,1,15,90,10000,8687,3984
,1,10,90,10000,12415,6289
,1,15,90,10000,8566,3472
,1,10,90,10000,12772,6654
,1,15,90,10000,9332,3407
,1,10,90,10000,13635,8133
,1,15,90,10000,10008,3486
,1,10,90,10000,15145,8429
,1,15,90,10000,11077,4354
,1,10,90,10000,15370,9053
,1,15,90,10000,12055,5405
,1,10,90,10000,18234,10822
,1,15,90,10000,15103,8726
,1,10,90,10000,18528,12994
,1,15,90,10000,0,0
,1,10,90,10000,0,0
,1,15,90,10000,0,0
,1,10,90,10000,0,0
,1,15,90,10000,0,0
,1,10,90,10000,0,0
,1,15,90,10000,0,0
,1,10,90,10000,0,0
,1,15,90,10000,0,0
,1,10,90,10000,0,0
,1,15,90,10000,0,0
,1,10,90,10000,0,0
,1,15,90,10000,0,0
,1,10,90,10000,0,0
,1,15,90,10000,0,0
,1,10,90,10000,0,0
,1,15,90,10000,0,0
,1,10,90,10000,0,0
,1,15,90,10000,0,0
,1,10,90,10000,11598,3892
,1,15,90,10000,6989,4408
,1,10,90,10000,10977,3499
,1,15,90,10000,6953,4368
,1,10,90,10000,10268,3250
,1,15,90,10000,6412,4604
,1,10,90,10000,9630,1981
,1,15,90,10000,6166,4346
,1,10,90,10000,9113,1733
,1,15,90,10000,6094,4668
,1,10,90,10000,9246,1392
,1,15,90,10000,6036,4465
,1,10,90,10000,9288,1749
,1,15,90,10000,6069,4384
,1,10,90,10000,9101,1492
,1,15,90,10000,5982,4012
,1,10,90,10000,8798,2394
,1,15,90,10000,6149,3849
,1,10,90,10000,8854,1903
,1,15,90,10000,6354,4296
,1,10,90,10000,9166,2263
,1,15,90,10000,6680,4639
,1,10,90,10000,9344,2222
,1,15,90,10000,6527,4557
,1,10,90,10000,9919,2329
,1,15,90,10000,6832,4019
,1,10,90,10000,10443,4122
,1,15,90,10000,7587,3861
,1,10,90,10000,11154,4351
,1,15,90,10000,7947,4015
,1,10,90,10000,11676,4214
,1,15,90,10000,8249,4326
,1,10,90,10000,11863,4378
,1,15,90,10000,8641,4127
,1,10,90,10000,12773,4234
,1,15,90,10000,9340,4668
,1,10,90,10000,13962,6374
,1,15,90,10000,10265,5110
,1,10,90,10000,13670,7512
,1,15,90,10000,10719,4953
,1,10,90,10000,15807,8908
,1,15,90,10000,13508,8340
,1,10,90,10000,17534,9299
,1,15,90,10000,0,0
,1,10,90,10000,0,0
,1,15,90,10000,0,0
,1,10,90,10000,0,0
,1,15,90,10000,0,0
,1,10,90,10000,0,0
,1,15,90,10000,0,0
,1,10,90,10000,0,0
,1,15,90,10000,0,0
,1,10,90,10000,0,0
,1,15,90,10000,0,0
,1,10,90,10000,0,0
,1,15,90,10000,0,0
,1,10,90,10000,0,0
,1,15,90,10000,0,0
,1,10,90,10000,0,0
,1,15,90,10000,0,0
,1,10,90,10000,0,0
,1,10,90,10000,0,0
,1,0,90,10000,2200,1042
,1,10,90,10000,11020,7364
,1,0,90,10000,2232,1066
,1,10,90,10000,10566,7231
,1,0,90,10000,2359,1091
,1,10,90,10000,11017,9231
,1,0,90,10000,2454,1118
,1,10,90,10000,10685,8925
,1,0,90,10000,2643,1176
,1,10,90,10000,9781,8399
,1,0,90,10000,2625,1156
,1,10,90,10000,10617,9269
,1,0,90,10000,2914,1357
,1,10,90,10000,10540,9086
,1,0,90,10000,3099,1420
,1,10,90,10000,10719,8594
,1,0,90,10000,3419,1677
,1,10,90,10000,11152,9411
,1,0,90,10000,3710,1785
,1,10,90,10000,12508,9982
,1,0,90,10000,4174,1994
,1,10,90,10000,12812,10002
,1,0,90,10000,4798,2494
,1,10,90,10000,13463,9037
,1,0,90,10000,4883,2324
,1,10,90,10000,13333,8536
,1,0,90,10000,5325,2779
,1,10,90,10000,12214,8442
,1,0,90,10000,5739,2744
,1,10,90,10000,12905,8694
,1,0,90,10000,6258,2813
,1,10,90,10000,12501,9381
,1,0,90,10000,7059,3089
,1,10,90,10000,13723,9751
,1,0,90,10000,7557,3055
,1,10,90,10000,12599,8935
,1,0,90,10000,9063,3329
,1,10,90,10000,14751,9806
,1,0,90,10000,11124,4122
,1,10,90,10000,16277,9964
,1,0,90,10000,13492,4900
,1,10,90,10000,17809,10769
,1,0,90,10000,16771,5312
,1,10,90,10000,0,0
,1,0,90,10000,0,0
,1,10,90,10000,0,0
,1,0,90,10000,0,0
,1,10,90,10000,0,0
,1,0,90,10000,0,0
,1,10,90,10000,0,0
,1,0,90,10000,0,0
,1,10,90,10000,0,0
,1,0,90,10000,0,0
,1,10,90,10000,0,0
,1,0,90,10000,0,0
,1,10,90,10000,0,0
,1,0,90,10000,0,0
,1,10,90,10000,0,0
,1,0,90,10000,0,0
,1,10,90,10000,0,0
,1,0,90,10000,0,0
,1,10,90,10000,0,0
,1,0,90,10000,0,0
,1,10,90,10000,0,0
,1,0,90,10000,2200,1100
,1,10,90,10000,11185,7404
,1,0,90,10000,2223,1071
,1,10,90,10000,10920,7387
,1,0,90,10000,2378,1126
,1,10,90,10000,10638,8541
,1,0,90,10000,2509,1141
,1,10,90,10000,10668,9004
,1,0,90,10000,2564,1183
,1,10,90,10000,10451,8926
,1,0,90,10000,2668,1092
,1,10,90,10000,10033,9318
,1,0,90,10000,2801,1003
,1,10,90,10000,9715,9499
,1,0,90,10000,2986,1111
,1,10,90,10000,9671,9302
,1,0,90,10000,3149,1180
,1,10,90,10000,10300,9353
,1,0,90,10000,3362,1257
,1,10,90,10000,10361,8973
,1,0,90,10000,3622,1469
,1,10,90,10000,10356,8818
,1,0,90,10000,3845,1675
,1,10,90,10000,11096,9236
,1,0,90,10000,4374,1657
,1,10,90,10000,11595,9405
,1,0,90,10000,5039,2043
,1,10,90,10000,12757,9847
,1,0,90,10000,5715,2226
,1,10,90,10000,12562,9585
,1,0,90,10000,6028,2205
,1,10,90,10000,12667,9542
,1,0,90,10000,6821,2347
,1,10,90,10000,13387,10066
,1,0,90,10000,8004,2849
,1,10,90,10000,14620,10215
,1,0,90,10000,9229,2885
,1,10,90,10000,15480,10688
,1,0,90,10000,11058,3009
,1,10,90,10000,16809,11096
,1,0,90,10000,14362,2637
,1,10,90,10000,18823,13011
,1,0,90,10000,17965,2120
,1,10,90,10000,0,0
,1,0,90,10000,0,0
,1,10,90,10000,0,0
,1,0,90,10000,0,0
,1,10,90,10000,0,0
,1,0,90,10000,0,0
,1,10,90,10000,0,0
,1,0,90,10000,0,0
,1,10,90,10000,0,0
,1,0,90,10000,0,0
,1,10,90,10000,0,0
,1,0,90,10000,0,0
,1,10,90,10000,0,0
,1,0,90,10000,0,0
,1,10,90,10000,0,0
,1,0,90,10000,0,0
,1,10,90,10000,0,0
,1,0,90,10000,0,0
,1,10,90,10000,0,0
,1,0,90,10000,2165,1032
,1,10,90,10000,11105,7547
,1,0,90,10000,2184,1081
,1,10,90,10000,10843,7505
,1,0,90,10000,2359,1143
,1,10,90,10000,10406,7837
,1,0,90,10000,2453,1156
,1,10,90,10000,10100,7916
,1,0,90,10000,2572,1123
,1,10,90,10000,9798,8646
,1,0,90,10000,2653,1160
,1,10,90,10000,8953,8623
,1,0,90,10000,2437,1040
,1,10,90,10000,9220,8302
,1,0,90,10000,2929,1280
,1,10,90,10000,9307,8128
,1,0,90,10000,3024,1356
,1,10,90,10000,9006,6974
,1,0,90,10000,3203,1448
,1,10,90,10000,9066,7597
,1,0,90,10000,3515,1500
,1,10,90,10000,9278,7738
,1,0,90,10000,3884,1706
,1,10,90,10000,9561,8160
,1,0,90,10000,4192,1720
,1,10,90,10000,10643,7794
,1,0,90,10000,4889,2246
,1,10,90,10000,11276,7667
,1,0,90,10000,5564,2315
,1,10,90,10000,11942,8050
,1,0,90,10000,6210,2238
,1,10,90,10000,13211,9454
,1,0,90,10000,7208,2649
,1,10,90,10000,14144,10142
,1,0,90,10000,8509,2707
,1,10,90,10000,14606,10790
,1,0,90,10000,9451,1793
,1,10,90,10000,14659,11773
,1,0,90,10000,11343,1447
,1,10,90,10000,15266,12532
,1,0,90,10000,13375,1955
,1,10,90,10000,16163,12240
,1,0,90,10000,14468,1727
,1,10,90,10000,0,0
,1,0,90,10000,0,0
,1,10,90,10000,0,0
,1,0,90,10000,0,0
,1,10,90,10000,0,0
,1,0,90,10000,0,0
,1,10,90,10000,0,0
,1,0,90,10000,0,0
,1,10,90,10000,0,0
,1,0,90,10000,0,0
,1,10,90,10000,0,0
,1,0,90,10000,0,0
,1,10,90,10000,0,0
,1,0,90,10000,0,0
,1,10,90,10000,0,0
,1,0,90,10000,0,0
,1,10,90,10000,0,0
,1,0,90,10000,0,0
,1,10,90,10000,0,0
,1,0,90,10000,2178,1109
,1,10,90,10000,11315,7476
,1,0,90,10000,2254,1067
,1,10,90,10000,10917,8231
,1,0,90,10000,2315,1068
,1,10,90,10000,10637,8457
,1,0,90,10000,2433,1080
,1,10,90,10000,9609,7857
,1,0,90,10000,2489,1100
,1,10,90,10000,9245,7438
,1,0,90,10000,2561,1200
,1,10,90,10000,9135,7820
,1,0,90,10000,2661,1211
,1,10,90,10000,8625,7644
,1,0,90,10000,2857,1287
,1,10,90,10000,9469,8216
,1,0,90,10000,3044,1320
,1,10,90,10000,9618,8302
,1,0,90,10000,3306,1474
,1,10,90,10000,9653,7764
,1,0,90,10000,3498,1659
,1,10,90,10000,10338,8407
,1,0,90,10000,3905,1914
,1,10,90,10000,10418,8193
,1,0,90,10000,4270,2109
,1,10,90,10000,10539,7203
,1,0,90,10000,4341,2158
,1,10,90,10000,10502,6618
,1,0,90,10000,5321,2686
,1,10,90,10000,11375,6229
,1,0,90,10000,5877,3176
,1,10,90,10000,11935,5763
,1,0,90,10000,6494,3725
,1,10,90,10000,12737,5710
,1,0,90,10000,7487,4385
,1,10,90,10000,12883,5331
,1,0,90,10000,8466,5356
,1,10,90,10000,14759,6827
,1,0,90,10000,11214,4882
,1,10,90,10000,16362,8159
,1,0,90,10000,13863,3978
,1,10,90,10000,18382,9902
,1,0,90,10000,18143,2476
,1,10,90,10000,0,0
,1,0,90,10000,0,0
,1,10,90,10000,0,0
,1,0,90,10000,0,0
,1,10,90,10000,0,0
,1,0,90,10000,0,0
,1,10,90,10000,0,0
,1,0,90,10000,0,0
,1,10,90,10000,0,0
,1,0,90,10000,0,0
,1,10,90,10000,0,0
,1,0,90,10000,0,0
,1,10,90,10000,0,0
,1,0,90,10000,0,0
,1,10,90,10000,0,0
,1,0,90,10000,0,0
,1,10,90,10000,0,0
,1,0,90,10000,0,0
,1,10,90,10000,0,0
,1,0,90,10000,0,0
,1,10,90,10000,0,0
,1,0,90,10000,2148,1051
,1,10,90,10000,11223,7404
,1,0,90,10000,2195,1036
,1,10,90,10000,10667,7471
,1,0,90,10000,2352,1108
,1,10,90,10000,9952,7608
,1,0,90,10000,2439,1157
,1,10,90,10000,9615,7570
,1,0,90,10000,2522,1181
,1,10,90,10000,9105,7526
,1,0,90,10000,2646,1256
,1,10,90,10000,9330,7885
,1,0,90,10000,2844,1277
,1,10,90,10000,8775,7543
,1,0,90,10000,2908,1310
,1,10,90,10000,9034,8284
,1,0,90,10000,3169,1502
,1,10,90,10000,9739,7487
,1,0,90,10000,3383,1486
,1,10,90,10000,10495,8186
,1,0,90,10000,3794,1611
,1,10,90,10000,11088,8775
,1,0,90,10000,4189,1864
,1,10,90,10000,11719,9767
,1,0,90,10000,4716,1995
,1,10,90,10000,12407,9406
,1,0,90,10000,5375,2702
,1,10,90,10000,13509,10291
,1,0,90,10000,5737,2453
,1,10,90,10000,13486,10336
,1,0,90,10000,6499,2505
,1,10,90,10000,13622,9624
,1,0,90,10000,7174,2799
,1,10,90,10000,13960,8803
,1,0,90,10000,7970,3122
,1,10,90,10000,14478,9685
,1,0,90,10000,9657,3315
,1,10,90,10000,15650,9762
,1,0,90,10000,11658,4467
,1,10,90,10000,17688,10174
,1,0,90,10000,13241,4835
,1,10,90,10000,19719,11866
,1,0,90,10000,17703,6384
,1,10,90,10000,0,0
,1,0,90,10000,0,0
,1,10,90,10000,0,0
,1,0,90,10000,0,0
,1,10,90,10000,0,0
,1,0,90,10000,0,0
,1,10,90,10000,0,0
,1,0,90,10000,0,0
,1,10,90,10000,0,0
,1,0,90,10000,0,0
,1,10,90,10000,0,0
,1,0,90,10000,0,0
,1,10,90,10000,0,0
,1,0,90,10000,0,0
,1,10,90,10000,0,0
,1,0,90,10000,0,0
,1,10,90,10000,0,0
,1,0,90,10000,0,0
,1,0,90,10000,0,0
,1,10,90,10000,11707,3942
,1,0,90,10000,2150,1128
,1,10,90,10000,10687,4454
,1,0,90,10000,2021,1102
,1,10,90,10000,9911,3429
,1,0,90,10000,2047,1085
,1,10,90,10000,7848,2069
,1,0,90,10000,2108,1075
,1,10,90,10000,8893,4243
,1,0,90,10000,2566,1267
,1,10,90,10000,9087,4425
,1,0,90,10000,2661,1244
,1,10,90,10000,9024,5309
,1,0,90,10000,2751,1295
,1,10,90,10000,9188,5089
,1,0,90,10000,3012,1433
,1,10,90,10000,9596,5845
,1,0,90,10000,3276,1578
,1,10,90,10000,9707,4524
,1,0,90,10000,3469,1711
,1,10,90,10000,10362,6604
,1,0,90,10000,3839,1587
,1,10,90,10000,11238,8100
,1,0,90,10000,4290,1729
,1,10,90,10000,11382,7767
,1,0,90,10000,4465,1653
,1,10,90,10000,11041,7867
,1,0,90,10000,4969,1787
,1,10,90,10000,10931,7939
,1,0,90,10000,5379,2041
,1,10,90,10000,11682,8077
,1,0,90,10000,6223,2075
,1,10,90,10000,12961,9768
,1,0,90,10000,7100,1918
,1,10,90,10000,13103,9915
,1,0,90,10000,7936,1966
,1,10,90,10000,14417,10568
,1,0,90,10000,10193,2529
,1,10,90,10000,16273,12071
,1,0,90,10000,12486,2736
,1,10,90,10000,16836,12226
,1,0,90,10000,13537,3129
,1,10,90,10000,17485,11710
,1,0,90,10000,0,0
,1,10,90,10000,0,0
,1,0,90,10000,0,0
,1,10,90,10000,0,0
,1,0,90,10000,0,0
,1,10,90,10000,0,0
,1,0,90,10000,0,0
,1,10,90,10000,0,0
,1,0,90,10000,0,0
,1,10,90,10000,0,0
,1,0,90,10000,0,0
,1,10,90,10000,0,0
,1,0,90,10000,0,0
,1,10,90,10000,0,0
,1,0,90,10000,0,0
,1,10,90,10000,0,0
,1,0,90,10000,0,0
,1,10,90,10000,0,0
,1,0,90,10000,0,0
,1,10,90,10000,12002,4221
,1,0,90,10000,2233,1117
,1,10,90,10000,10886,3400
,1,0,90,10000,2243,1192
,1,10,90,10000,10367,3592
,1,0,90,10000,2297,1272
,1,10,90,10000,9811,3703
,1,0,90,10000,2403,1270
,1,10,90,10000,9051,5282
,1,0,90,10000,2033,1035
,1,10,90,10000,10062,5270
,1,0,90,10000,2792,1449
,1,10,90,10000,9803,4991
,1,0,90,10000,2934,1605
,1,10,90,10000,9474,5057
,1,0,90,10000,2961,1615
,1,10,90,10000,9662,6486
,1,0,90,10000,3291,1696
,1,10,90,10000,9728,6852
,1,0,90,10000,3509,1724
,1,10,90,10000,10123,7852
,1,0,90,10000,3779,1696
,1,10,90,10000,10289,7909
,1,0,90,10000,3972,1818
,1,10,90,10000,10088,8003
,1,0,90,10000,4308,1877
,1,10,90,10000,10003,8079
,1,0,90,10000,4589,1940
,1,10,90,10000,10072,8140
,1,0,90,10000,4969,1721
,1,10,90,10000,10784,8726
,1,0,90,10000,5864,1785
,1,10,90,10000,11225,9307
,1,0,90,10000,6668,2071
,1,10,90,10000,12477,9936
,1,0,90,10000,7764,2011
,1,10,90,10000,12320,10323
,1,0,90,10000,8614,1442
,1,10,90,10000,12591,11017
,1,0,90,10000,9848,2058
,1,10,90,10000,13769,10824
,1,0,90,10000,13087,3583
,1,10,90,10000,16293,11388
,1,0,90,10000,0,0
,1,10,90,10000,0,0
,1,0,90,10000,0,0
,1,10,90,10000,0,0
,1,0,90,10000,0,0
,1,10,90,10000,0,0
,1,0,90,10000,0,0
,1,10,90,10000,0,0
,1,0,90,10000,0,0
,1,10,90,10000,0,0
,1,0,90,10000,0,0
,1,10,90,10000,0,0
,1,0,90,10000,0,0
,1,10,90,10000,0,0
,1,0,90,10000,0,0
,1,10,90,10000,0,0
,1,0,90,10000,0,0
,1,10,90,10000,0,0
,1,0,90,10000,0,0
,1,10,90,10000,11925,4146
,1,0,90,10000,2188,1118
,1,10,90,10000,11554,7941
,1,0,90,10000,2313,1126
,1,10,90,10000,10636,8098
,1,0,90,10000,2410,1161
,1,10,90,10000,10417,7143
,1,0,90,10000,2462,1184
,1,10,90,10000,9645,7446
,1,0,90,10000,2673,1219
,1,10,90,10000,9473,5993
,1,0,90,10000,2723,1265
,1,10,90,10000,9256,6970
,1,0,90,10000,2830,1274
,1,10,90,10000,9230,6819
,1,0,90,10000,3006,1208
,1,10,90,10000,7639,6674
,1,0,90,10000,2936,1243
,1,10,90,10000,8807,7899
,1,0,90,10000,3372,1390
,1,10,90,10000,9241,8445
,1,0,90,10000,3673,1429
,1,10,90,10000,9426,8984
,1,0,90,10000,4021,1510
,1,10,90,10000,9571,8661
,1,0,90,10000,4582,1861
,1,10,90,10000,10916,9213
,1,0,90,10000,5002,2326
,1,10,90,10000,11825,8902
,1,0,90,10000,5863,2804
,1,10,90,10000,13061,9087
,1,0,90,10000,6764,2742
,1,10,90,10000,12994,8947
,1,0,90,10000,7579,3287
,1,10,90,10000,14189,8480
,1,0,90,10000,8949,4104
,1,10,90,10000,16516,10379
,1,0,90,10000,11194,4385
,1,10,90,10000,17105,10810
,1,0,90,10000,12535,4885
,1,10,90,10000,19452,11505
,1,0,90,10000,18288,5511
,1,10,90,10000,24971,13684
,1,0,90,10000,0,0
,1,10,90,10000,0,0
,1,0,90,10000,0,0
,1,10,90,10000,0,0
,1,0,90,10000,0,0
,1,10,90,10000,0,0
,1,0,90,10000,0,0
,1,10,90,10000,0,0
,1,0,90,10000,0,0
,1,10,90,10000,0,0
,1,0,90,10000,0,0
,1,10,90,10000,0,0
,1,0,90,10000,0,0
,1,10,90,10000,0,0
,1,0,90,10000,0,0
,1,10,90,10000,0,0
,1,0,90,10000,0,0
,1,10,90,10000,0,0
,1,0,90,10000,0,0
,1,10,90,10000,11482,3782
,1,0,90,10000,2249,1124
,1,10,90,10000,11046,7898
,1,0,90,10000,2323,1087
,1,10,90,10000,10792,8298
,1,0,90,10000,2324,1097
,1,10,90,10000,10041,6800
,1,0,90,10000,2511,1269
,1,10,90,10000,10292,8379
,1,0,90,10000,2643,1100
,1,10,90,10000,10056,7823
,1,0,90,10000,2722,1144
,1,10,90,10000,9528,8306
,1,0,90,10000,2872,1245
,1,10,90,10000,9871,7963
,1,0,90,10000,3158,1396
,1,10,90,10000,9872,8301
,1,0,90,10000,3299,1347
,1,10,90,10000,10075,8401
,1,0,90,10000,3486,1469
,1,10,90,10000,9622,8440
,1,0,90,10000,3707,1455
,1,10,90,10000,9674,8610
,1,0,90,10000,4011,1610
,1,10,90,10000,9854,8869
,1,0,90,10000,4290,1706
,1,10,90,10000,9791,8769
,1,0,90,10000,4829,2069
,1,10,90,10000,10325,8833
,1,0,90,10000,5348,1893
,1,10,90,10000,10793,9418
,1,0,90,10000,5728,1963
,1,10,90,10000,11536,9564
,1,0,90,10000,6416,1678
,1,10,90,10000,12146,9826
,1,0,90,10000,7941,1912
,1,10,90,10000,13654,10768
,1,0,90,10000,9843,2145
,1,10,90,10000,15527,12773
,1,0,90,10000,12260,2752
,1,10,90,10000,16319,12603
,1,0,90,10000,14657,2983
,1,10,90,10000,17774,12903
,1,0,90,10000,0,0
,1,10,90,10000,0,0
,1,0,90,10000,0,0
,1,10,90,10000,0,0
,1,0,90,10000,0,0
,1,10,90,10000,0,0
,1,0,90,10000,0,0
,1,10,90,10000,0,0
,1,0,90,10000,0,0
,1,10,90,10000,0,0
,1,0,90,10000,0,0
,1,10,90,10000,0,0
,1,0,90,10000,0,0
,1,10,90,10000,0,0
,1,0,90,10000,0,0
,1,10,90,10000,0,0
,1,0,90,10000,0,0
,1,10,90,10000,0,0
,1,0,90,10000,0,0
,1,10,90,10000,0,0
,1,0,90,10000,0,0
,1,10,90,10000,0,0
,1,0,90,10000,0,0
,1,10,90,10000,11856,3824
,1,0,90,10000,2182,1125
,1,10,90,10000,11054,7438
,1,0,90,10000,2239,1108
,1,10,90,10000,9943,7566
,1,0,90,10000,2334,1124
,1,10,90,10000,9955,6904
,1,0,90,10000,2457,1197
,1,10,90,10000,9457,7249
,1,0,90,10000,2527,1187
,1,10,90,10000,9599,7116
,1,0,90,10000,2779,1264
,1,10,90,10000,9914,8036
,1,0,90,10000,2947,1343
,1,10,90,10000,9218,7541
,1,0,90,10000,2845,1366
,1,10,90,10000,7946,6991
,1,0,90,10000,2194,1005
,1,10,90,10000,5571,5074
,1,0,90,10000,3204,1430
,1,10,90,10000,9777,7974
,1,0,90,10000,3794,1682
,1,10,90,10000,10088,7785
,1,0,90,10000,3991,1518
,1,10,90,10000,9503,7486
,1,0,90,10000,4291,1885
,1,10,90,10000,9633,7747
,1,0,90,10000,4240,1789
,1,10,90,10000,9201,6860
,1,0,90,10000,5270,2309
,1,10,90,10000,11045,7181
,1,0,90,10000,6160,2647
,1,10,90,10000,11590,7378
,1,0,90,10000,6858,2764
,1,10,90,10000,12740,8344
,1,0,90,10000,8002,2842
,1,10,90,10000,13313,8753
,1,0,90,10000,9172,2623
,1,10,90,10000,13542,10574
,1,0,90,10000,10213,2623
,1,10,90,10000,14696,11816
,1,0,90,10000,13311,3635
,1,10,90,10000,17022,13006
,1,0,90,10000,0,0
,1,10,90,10000,0,0
,1,0,90,10000,0,0
,1,10,90,10000,0,0
,1,0,90,10000,0,0
,1,10,90,10000,0,0
,1,0,90,10000,0,0
,1,10,90,10000,0,0
,1,0,90,10000,0,0
,1,10,90,10000,0,0
,1,0,90,10000,0,0
,1,10,90,10000,0,0
,1,0,90,10000,0,0
,1,10,90,10000,0,0
,1,0,90,10000,0,0
,1,10,90,10000,0,0
,1,0,90,10000,0,0
,1,10,90,10000,0,0
,1,9,90,10000,0,0
,1,9,18,10000,12214,4107
,1,9,90,10000,12854,7719
,1,9,18,10000,12049,4523
,1,9,90,10000,11878,6418
,1,9,18,10000,11274,4083
,1,9,90,10000,10937,6881
,1,9,18,10000,10687,2534
,1,9,90,10000,10131,6919
,1,9,18,10000,9676,2898
,1,9,90,10000,9752,6636
,1,9,18,10000,9482,2543
,1,9,90,10000,9525,7363
,1,9,18,10000,9083,2175
,1,9,90,10000,8697,6281
,1,9,18,10000,8980,1915
,1,9,90,10000,8978,7123
,1,9,18,10000,8850,2410
,1,9,90,10000,8727,5850
,1,9,18,10000,8852,2147
,1,9,90,10000,9169,6183
,1,9,18,10000,9707,3675
,1,9,90,10000,9684,5394
,1,9,18,10000,9908,3326
,1,9,90,10000,9934,6180
,1,9,18,10000,10058,3413
,1,10,100,10000,0,0
,1,10,100,10000,11234,4522
,1,10,100,10000,10703,6078
,1,10,100,10000,10497,3783
,1,10,100,10000,10426,5692
,1,10,100,10000,10146,2995
,1,10,100,10000,9394,6320
,1,10,100,10000,9361,2336
,1,10,100,10000,9188,6082
,1,10,100,10000,9405,2183
,1,10,100,10000,8950,6554
,1,10,100,10000,8924,2155
,1,10,100,10000,8966,5955
,1,10,100,10000,9057,2437
,1,10,100,10000,9096,6502
,1,10,100,10000,9092,2376
,1,10,100,10000,9060,5340
,1,10,100,10000,8830,2627
,1,10,100,10000,8851,5458
,1,10,100,10000,9241,3872
,1,10,100,10000,9142,4638
,1,10,100,10000,9714,3995
,1,10,100,10000,9690,4822
,1,10,100,10000,9448,4524
,1,10,100,10000,9429,4612
,1,10,100,10000,9295,3967
,1,10,100,10000,9374,5064
,1,10,100,10000,9591,4480
,1,10,100,10000,9932,4806
,1,10,100,10000,10133,4123
,1,10,100,10000,10585,5015
,1,10,100,10000,11171,5204
,1,10,100,10000,11701,4759
,1,10,100,10000,12233,5963
,1,10,100,10000,12735,5581
,1,10,100,10000,13360,6982
,1,10,100,10000,13541,6533
,1,10,100,10000,14046,6639
,1,10,100,10000,15067,8073
,1,10,100,10000,14779,6032
,1,10,100,10000,15610,8131
,1,10,100,10000,16179,6575
,1,10,100,10000,17699,9169
,1,10,100,10000,18620,8661
,1,10,100,10000,0,0
,1,10,100,10000,0,0
,1,10,100,10000,0,0
,1,10,100,10000,0,0
,1,10,100,10000,0,0
,1,10,100,10000,0,0
,1,10,100,10000,0,0
,1,10,100,10000,0,0
,1,10,100,10000,0,0
,1,10,100,10000,0,0
,1,10,100,10000,0,0
,1,10,100,10000,0,0
,1,10,100,10000,0,0
,1,10,100,10000,0,0
,1,10,100,10000,0,0
,1,10,100,10000,0,0
,1,10,100,10000,0,0
,1,10,100,10000,0,0
,1,10,100,10000,0,0
,1,10,100,10000,11244,4383
,1,10,100,10000,10546,5826
,1,10,100,10000,10070,3875
,1,10,100,10000,8274,4710
,1,10,100,10000,9336,2688
,1,10,100,10000,8370,6044
,1,10,100,10000,9189,2592
,1,10,100,10000,9269,6197
,1,10,100,10000,9205,1980
,1,10,100,10000,9120,6821
,1,10,100,10000,9623,2694
,1,10,100,10000,9446,6670
,1,10,100,10000,9481,1930
,1,10,100,10000,9321,7030
,1,10,100,10000,9059,1402
,1,10,100,10000,9066,6496
,1,10,100,10000,9048,2001
,1,10,100,10000,8980,7209
,1,10,100,10000,9129,1616
,1,10,100,10000,8537,6160
,1,10,100,10000,8602,1879
,1,10,100,10000,7968,6157
,1,10,100,10000,9534,1803
,1,10,100,10000,9298,6528
,1,10,100,10000,9210,2305
,1,10,100,10000,8413,6050
,1,10,100,10000,8687,2136
,1,10,100,10000,8895,6407
,1,10,100,10000,9677,1745
,1,10,100,10000,9955,6556
,1,10,100,10000,10115,2522
,1,10,100,10000,9323,6293
,1,10,100,10000,10420,2977
,1,10,100,10000,11435,7610
,1,10,100,10000,11952,3564
,1,10,100,10000,9710,6117
,1,10,100,10000,12988,4182
,1,10,100,10000,13430,8831
,1,10,100,10000,14287,4066
,1,10,100,10000,15009,10120
,1,10,100,10000,14691,4318
,1,10,100,10000,15847,10981
,1,10,100,10000,14527,4422
,1,10,100,10000,0,0
,1,10,100,10000,0,0
,1,10,100,10000,0,0
,1,10,100,10000,0,0
,1,10,100,10000,0,0
,1,10,100,10000,0,0
,1,10,100,10000,0,0
,1,10,100,10000,0,0
,1,10,100,10000,0,0
,1,10,100,10000,0,0
,1,10,100,10000,0,0
,1,10,100,10000,0,0
,1,10,100,10000,0,0
,1,10,100,10000,0,0
,1,10,100,10000,0,0
,1,10,100,10000,0,0
,1,10,100,10000,0,0
,1,10,100,10000,0,0
,1,10,100,10000,0,0
,1,10,100,10000,0,0
,1,10,100,10000,0,0
,1,10,100,10000,10523,3990
,1,10,100,10000,10648,6266
,1,10,100,10000,10322,3922
,1,10,100,10000,10324,6377
,1,10,100,10000,9856,3006
,1,10,100,10000,9260,6331
,1,10,100,10000,9452,2558
,1,10,100,10000,9027,5969
,1,10,100,10000,9121,2257
,1,10,100,10000,9083,6583
,1,10,100,10000,8710,2067
,1,10,100,10000,8711,5532
,1,10,100,10000,8940,2746
,1,10,100,10000,8801,6241
,1,10,100,10000,8890,2567
,1,10,100,10000,8855,5013
,1,10,100,10000,8695,2646
,1,10,100,10000,8573,5525
,1,10,100,10000,8899,2808
,1,10,100,10000,8794,5035
,1,10,100,10000,9184,3477
,1,10,100,10000,9261,5337
,1,10,100,10000,8760,3489
,1,10,100,10000,9050,4575
,1,10,100,10000,9215,3663
,1,10,100,10000,9197,5462
,1,10,100,10000,9377,3301
,1,10,100,10000,9778,5210
,1,10,100,10000,9882,3377
,1,10,100,10000,10233,5743
,1,10,100,10000,10183,3604
,1,10,100,10000,10866,6015
,1,10,100,10000,11214,5236
,1,10,100,10000,11258,5221
,1,10,100,10000,12030,5407
,1,10,100,10000,11976,5448
,1,10,100,10000,10470,5158
,1,10,100,10000,13259,6881
,1,10,100,10000,13257,5881
,1,10,100,10000,13272,7269
,1,10,100,10000,13885,5579
,1,10,100,10000,15201,8694
,1,10,100,10000,17563,7711
,1,10,100,10000,0,0
,1,10,100,10000,0,0
,1,10,100,10000,0,0
,1,10,100,10000,0,0
,1,10,100,10000,0,0
,1,10,100,10000,0,0
,1,10,100,10000,0,0
,1,10,100,10000,0,0
,1,10,100,10000,0,0
,1,10,100,10000,0,0
,1,10,100,10000,0,0
,1,10,100,10000,0,0
,1,10,100,10000,0,0
,1,10,100,10000,0,0
,1,10,100,10000,0,0
,1,10,100,10000,0,0
,1,10,100,10000,0,0
,1,10,100,10000,0,0
,1,10,100,10000,0,0
,1,10,100,10000,10850,4368
,1,10,100,10000,10779,6017
,1,10,100,10000,10302,4058
,1,10,100,10000,9777,5178
,1,10,100,10000,9587,3075
,1,10,100,10000,9530,5895
,1,10,100,10000,9433,3694
,1,10,100,10000,9136,5336
,1,10,100,10000,9021,2896
,1,10,100,10000,8613,5747
,1,10,100,10000,8349,3060
,1,10,100,10000,8608,4514
,1,10,100,10000,7465,3100
,1,10,100,10000,6134,3592
,1,10,100,10000,7948,2817
,1,10,100,10000,8090,4474
,1,10,100,10000,8072,3147
,1,10,100,10000,7951,4215
,1,10,100,10000,7983,3477
,1,10,100,10000,7821,3327
,1,10,100,10000,7983,4133
,1,10,100,10000,8046,3633
,1,10,100,10000,7947,4064
,1,10,100,10000,8466,3253
,1,10,100,10000,8862,4679
,1,10,100,10000,9193,4318
,1,10,100,10000,9460,4973
,1,10,100,10000,9738,4454
,1,10,100,10000,9976,4209
,1,10,100,10000,10186,4775
,1,10,100,10000,11119,4239
,1,10,100,10000,11583,5967
,1,10,100,10000,11954,5110
,1,10,100,10000,12146,6266
,1,10,100,10000,12440,5750
,1,10,100,10000,12286,5227
,1,10,100,10000,13217,7906
,1,10,100,10000,13141,4321
,1,10,100,10000,14041,8078
,1,10,100,10000,14509,5786
,1,10,100,10000,14798,8117
,1,10,100,10000,15200,6530
,1,10,100,10000,16467,8196
,1,10,100,10000,0,0
,1,10,100,10000,0,0
,1,10,100,10000,0,0
,1,10,100,10000,0,0
,1,10,100,10000,0,0
,1,10,100,10000,0,0
,1,10,100,10000,0,0
,1,10,100,10000,0,0
,1,10,100,10000,0,0
,1,10,100,10000,0,0
,1,10,100,10000,0,0
,1,10,100,10000,0,0
,1,10,100,10000,0,0
,1,10,100,10000,0,0
,1,10,100,10000,0,0
,1,10,100,10000,0,0
,1,10,100,10000,0,0
,1,10,100,10000,0,0
,1,10,100,10000,0,0
,1,10,100,10000,9113,3393
,1,10,100,10000,10630,6155
,1,10,100,10000,10170,4460
,1,10,100,10000,10196,5716
,1,10,100,10000,10196,3447
,1,10,100,10000,9685,6165
,1,10,100,10000,9772,3648
,1,10,100,10000,9635,5649
,1,10,100,10000,9328,3125
,1,10,100,10000,8624,5167
,1,10,100,10000,8397,3230
,1,10,100,10000,8216,4549
,1,10,100,10000,7865,3062
,1,10,100,10000,5676,4159
,1,10,100,10000,8074,2148
,1,10,100,10000,7945,4979
,1,10,100,10000,7846,2584
,1,10,100,10000,7717,5189
,1,10,100,10000,7785,2841
,1,10,100,10000,7975,4123
,1,10,100,10000,8289,3615
,1,10,100,10000,8309,4790
,1,10,100,10000,7997,3283
,1,10,100,10000,7805,3955
,1,10,100,10000,8941,3319
,1,10,100,10000,9121,5131
,1,10,100,10000,9441,4288
,1,10,100,10000,9624,4770
,1,10,100,10000,9721,4175
,1,10,100,10000,9948,4213
,1,10,100,10000,10430,4587
,1,10,100,10000,10453,4380
,1,10,100,10000,11404,4968
,1,10,100,10000,11546,5761
,1,10,100,10000,12542,5030
,1,10,100,10000,13345,7429
,1,10,100,10000,13324,5998
,1,10,100,10000,10818,5785
,1,10,100,10000,11179,3979
,1,10,100,10000,14120,8238
,1,10,100,10000,15069,5975
,1,10,100,10000,16474,9025
,1,10,100,10000,16892,8254
,1,10,100,10000,0,0
,1,10,100,10000,0,0
,1,10,100,10000,0,0
,1,10,100,10000,0,0
,1,10,100,10000,0,0
,1,10,100,10000,0,0
,1,10,100,10000,0,0
,1,10,100,10000,0,0
,1,10,100,10000,0,0
,1,10,100,10000,0,0
,1,10,100,10000,0,0
,1,10,100,10000,0,0
,1,10,100,10000,0,0
,1,10,100,10000,0,0
,1,10,100,10000,0,0
,1,10,100,10000,0,0
,1,10,100,10000,0,0
,1,10,100,10000,0,0
,1,10,100,10000,0,0
,1,10,100,10000,10136,3847
,1,10,100,10000,10452,5704
,1,10,100,10000,10097,4395
,1,10,100,10000,10144,5762
,1,10,100,10000,9591,2683
,1,10,100,10000,8965,6178
,1,10,100,10000,9001,2048
,1,10,100,10000,8761,5831
,1,10,100,10000,8838,2079
,1,10,100,10000,7233,5372
,1,10,100,10000,9583,2322
,1,10,100,10000,9307,6674
,1,10,100,10000,9465,1858
,1,10,100,10000,8907,6681
,1,10,100,10000,7826,1250
,1,10,100,10000,9024,6291
,1,10,100,10000,8905,1881
,1,10,100,10000,7935,6509
,1,10,100,10000,8102,1330
,1,10,100,10000,8807,6843
,1,10,100,10000,9080,1452
,1,10,100,10000,9116,7503
,1,10,100,10000,8955,1242
,1,10,100,10000,9272,7010
,1,10,100,10000,7844,1753
,1,10,100,10000,8150,5942
,1,10,100,10000,9005,2528
,1,10,100,10000,9968,6296
,1,10,100,10000,9628,2734
,1,10,100,10000,9949,5921
,1,10,100,10000,10240,4307
,1,10,100,10000,8895,5065
,1,10,100,10000,10448,4686
,1,10,100,10000,11345,5620
,1,10,100,10000,12722,6242
,1,10,100,10000,12863,6175
,1,10,100,10000,11266,5104
,1,10,100,10000,13080,8170
,1,10,100,10000,13165,4267
,1,10,100,10000,13703,8779
,1,10,100,10000,14309,4479
,1,10,100,10000,14795,8967
,1,10,100,10000,15857,6060
,1,10,100,10000,0,0
,1,10,100,10000,0,0
,1,10,100,10000,0,0
,1,10,100,10000,0,0
,1,10,100,10000,0,0
,1,10,100,10000,0,0
,1,10,100,10000,0,0
,1,10,100,10000,0,0
,1,10,100,10000,0,0
,1,10,100,10000,0,0
,1,10,100,10000,0,0
,1,10,100,10000,0,0
,1,10,100,10000,0,0
,1,10,100,10000,0,0
,1,10,100,10000,0,0
,1,10,100,10000,0,0
,1,10,100,10000,0,0
,1,10,100,10000,0,0
,1,10,100,10000,0,0
,1,10,100,10000,11014,4825
,1,10,100,10000,11062,6247
,1,10,100,10000,10320,4257
,1,10,100,10000,8095,4507
,1,10,100,10000,8029,2415
,1,10,100,10000,7541,5579
,1,10,100,10000,7482,1983
,1,10,100,10000,7074,4371
,1,10,100,10000,6896,1882
,1,10,100,10000,6600,4404
,1,10,100,10000,6577,1809
,1,10,100,10000,7769,4040
,1,10,100,10000,8229,3198
,1,10,100,10000,7610,4417
,1,10,100,10000,8137,2986
,1,10,100,10000,8289,3889
,1,10,100,10000,7135,3097
,1,10,100,10000,7912,4281
,1,10,100,10000,7063,3238
,1,10,100,10000,7991,3977
,1,10,100,10000,8025,3481
,1,10,100,10000,8328,3935
,1,10,100,10000,8407,3940
,1,10,100,10000,7189,2907
,1,10,100,10000,8568,4407
,1,10,100,10000,9573,4556
,1,10,100,10000,9837,5026
,1,10,100,10000,10139,4874
,1,10,100,10000,9945,4359
,1,10,100,10000,10424,4623
,1,10,100,10000,10346,3912
,1,10,100,10000,10903,5604
,1,10,100,10000,10817,4607
,1,10,100,10000,11628,5403
,1,10,100,10000,12336,5449
,1,10,100,10000,11739,6085
,1,10,100,10000,12796,5500
,1,10,100,10000,13382,7301
,1,10,100,10000,13542,5275
,1,10,100,10000,13151,7810
,1,10,100,10000,12650,5265
,1,10,100,10000,14592,8167
,1,10,100,10000,15143,7149
,1,10,100,10000,0,0
,1,10,100,10000,0,0
,1,10,100,10000,0,0
,1,10,100,10000,0,0
,1,10,100,10000,0,0
,1,10,100,10000,0,0
,1,10,100,10000,0,0
,1,10,100,10000,0,0
,1,10,100,10000,0,0
,1,10,100,10000,0,0
,1,10,100,10000,0,0
,1,10,100,10000,0,0
,1,10,100,10000,0,0
,1,10,100,10000,0,0
,1,10,100,10000,0,0
,1,10,100,10000,0,0
,1,10,100,10000,0,0
,1,10,100,10000,0,0
,1,10,100,10000,0,0
,1,10,100,10000,10175,3939
,1,10,100,10000,8813,5045
,1,10,100,10000,9882,4469
,1,10,100,10000,9624,5691
,1,10,100,10000,9670,2905
,1,10,100,10000,9117,6151
,1,10,100,10000,9482,2708
,1,10,100,10000,8854,5834
,1,10,100,10000,8628,2004
,1,10,100,10000,8937,6553
,1,10,100,10000,8822,1547
,1,10,100,10000,8789,6365
,1,10,100,10000,8573,2001
,1,10,100,10000,8259,6083
,1,10,100,10000,8401,1713
,1,10,100,10000,8385,6009
,1,10,100,10000,8174,2247
,1,10,100,10000,8775,7453
,1,10,100,10000,8512,1659
,1,10,100,10000,8370,6322
,1,10,100,10000,8462,1988
,1,10,100,10000,8468,6611
,1,10,100,10000,8524,1546
,1,10,100,10000,9085,6855
,1,10,100,10000,9122,1871
,1,10,100,10000,9737,7265
,1,10,100,10000,9963,2783
,1,10,100,10000,10602,6694
,1,10,100,10000,11107,3157
,1,10,100,10000,11682,7532
,1,10,100,10000,11908,3200
,1,10,100,10000,12008,7245
,1,10,100,10000,12322,4159
,1,10,100,10000,13329,7881
,1,10,100,10000,13533,5382
,1,10,100,10000,13513,7879
,1,10,100,10000,12865,4556
,1,10,100,10000,13810,8722
,1,10,100,10000,14467,4742
,1,10,100,10000,15226,9855
,1,10,100,10000,16838,4874
,1,10,100,10000,17572,11818
,1,10,100,10000,18517,5468
,1,10,100,10000,0,0
,1,10,100,10000,0,0
,1,10,100,10000,0,0
,1,10,100,10000,0,0
,1,10,100,10000,0,0
,1,10,100,10000,0,0
,1,10,100,10000,0,0
,1,10,100,10000,0,0
,1,10,100,10000,0,0
,1,10,100,10000,0,0
,1,10,100,10000,0,0
,1,10,100,10000,0,0
,1,10,100,10000,0,0
,1,10,100,10000,0,0
,1,10,100,10000,0,0
,1,10,100,10000,0,0
,1,10,100,10000,0,0
,1,10,100,10000,0,0
,1,10,100,10000,0,0
,1,10,100,10000,11258,4469
,1,10,100,10000,10954,6269
,1,10,100,10000,10476,4626
,1,10,100,10000,10320,6031
,1,10,100,10000,9935,3362
,1,10,100,10000,9529,6000
,1,10,100,10000,9659,3916
,1,10,100,10000,9332,5499
,1,10,100,10000,8835,3161
,1,10,100,10000,8870,5111
,1,10,100,10000,8051,3151
,1,10,100,10000,8276,3524
,1,10,100,10000,8724,3688
,1,10,100,10000,8503,4526
,1,10,100,10000,8459,3385
,1,10,100,10000,8771,4809
,1,10,100,10000,8948,3555
,1,10,100,10000,9489,4722
,1,10,100,10000,9114,4135
,1,10,100,10000,10148,4197
,1,10,100,10000,10251,5398
,1,10,100,10000,10023,3841
,1,10,100,10000,10248,5698
,1,10,100,10000,10769,3971
,1,10,100,10000,11318,6418
,1,10,100,10000,11373,4770
,1,10,100,10000,12152,7774
,1,10,100,10000,12809,3944
,1,10,100,10000,13088,8126
,1,10,100,10000,14155,5883
,1,10,100,10000,14621,8235
,1,10,100,10000,15266,5724
,1,10,100,10000,15534,9155
,1,10,100,10000,15529,6151
,1,10,100,10000,15924,9401
,1,10,100,10000,16364,6698
,1,10,100,10000,16786,9536
,1,10,100,10000,16790,6913
,1,10,100,10000,16788,8743
,1,10,100,10000,16614,7129
,1,10,100,10000,17489,8010
,1,10,100,10000,17417,9208
,1,10,100,10000,18025,7679
,1,10,100,10000,0,0
,1,10,100,10000,0,0
,1,10,100,10000,0,0
,1,10,100,10000,0,0
,1,10,100,10000,0,0
,1,10,100,10000,0,0
,1,10,100,10000,0,0
,1,10,100,10000,0,0
,1,10,100,10000,0,0
,1,10,100,10000,0,0
,1,10,100,10000,0,0
,1,10,100,10000,0,0
,1,10,100,10000,0,0
,1,10,100,10000,0,0
,1,10,100,10000,0,0
,1,10,100,10000,0,0
,1,10,100,10000,0,0
,1,10,100,10000,0,0
,1,10,100,10000,0,0
,1,10,100,10000,11469,4543
,1,10,100,10000,10984,6600
,1,10,100,10000,10356,4505
,1,10,100,10000,10467,5910
,1,10,100,10000,9690,3233
,1,10,100,10000,9116,5749
,1,10,100,10000,9902,3815
,1,10,100,10000,9469,5606
,1,10,100,10000,8613,3333
,1,10,100,10000,8941,5219
,1,10,100,10000,8560,3450
,1,10,100,10000,8777,3768
,1,10,100,10000,8822,4106
,1,10,100,10000,8524,4254
,1,10,100,10000,8599,4052
,1,10,100,10000,8317,4022
,1,10,100,10000,8384,2690
,1,10,100,10000,7658,4344
,1,10,100,10000,8043,3119
,1,10,100,10000,8349,4619
,1,10,100,10000,8890,3499
,1,10,100,10000,9806,4825
,1,10,100,10000,9741,5082
,1,10,100,10000,9981,4336
,1,10,100,10000,9731,5308
,1,10,100,10000,10237,3754
,1,10,100,10000,10484,6325
,1,10,100,10000,10941,3645
,1,10,100,10000,11299,8233
,1,10,100,10000,11598,2559
,1,10,100,10000,10858,8896
,1,10,100,10000,10684,1451
,1,10,100,10000,10667,8720
,1,10,100,10000,10426,1217
,1,10,100,10000,9999,8343
,1,10,100,10000,10976,1482
,1,10,100,10000,10884,9208
,1,10,100,10000,12259,1575
,1,10,100,10000,13061,11421
,1,10,100,10000,13006,1619
,1,10,100,10000,13472,11794
,1,10,100,10000,14200,2147
,1,10,100,10000,14823,12426
,1,10,100,10000,0,0
,1,10,100,10000,0,0
,1,10,100,10000,0,0
,1,10,100,10000,0,0
,1,10,100,10000,0,0
,1,10,100,10000,0,0
,1,10,100,10000,0,0
,1,10,100,10000,0,0
,1,10,100,10000,0,0
,1,10,100,10000,0,0
,1,10,100,10000,0,0
,1,10,100,10000,0,0
,1,10,100,10000,0,0
,1,10,100,10000,0,0
,1,10,100,10000,0,0
,1,10,100,10000,0,0
,1,10,100,10000,0,0
,1,10,100,10000,0,0
,1,10,100,10000,0,0
,1,10,100,10000,0,0
,1,10,100,10000,0,0
,1,10,100,10000,10917,4262
,1,10,100,10000,10468,6801
,1,10,100,10000,10262,4331
,1,10,100,10000,10124,7014
,1,10,100,10000,9923,2868
,1,10,100,10000,9437,7067
,1,10,100,10000,9204,2248
,1,10,100,10000,8578,6475
,1,10,100,10000,9198,1909
,1,10,100,10000,8982,6858
,1,10,100,10000,9394,2519
,1,10,100,10000,9386,7202
,1,10,100,10000,9006,2987
,1,10,100,10000,8679,6334
,1,10,100,10000,8768,2701
,1,10,100,10000,8612,5676
,1,10,100,10000,8510,2695
,1,10,100,10000,8287,5044
,1,10,100,10000,8491,2998
,1,10,100,10000,8595,5328
,1,10,100,10000,8735,3026
,1,10,100,10000,8898,5649
,1,10,100,10000,8778,2781
,1,10,100,10000,8558,5420
,1,10,100,10000,8752,2694
,1,10,100,10000,8975,5372
,1,10,100,10000,8923,3451
,1,10,100,10000,9093,5036
,1,10,100,10000,9544,3145
,1,10,100,10000,9700,4973
,1,10,100,10000,9873,3710
,1,10,100,10000,10032,5157
,1,10,100,10000,10848,4671
,1,10,100,10000,11256,5404
,1,10,100,10000,11151,4322
,1,10,100,10000,11635,6556
,1,10,100,10000,12838,5310
,1,10,100,10000,13247,6348
,1,10,100,10000,13892,6514
,1,10,100,10000,14104,6605
,1,10,100,10000,13776,6520
,1,10,100,10000,14865,6214
,1,10,100,10000,15667,7761
,1,10,100,10000,0,0
,1,10,100,10000,0,0
,1,10,100,10000,0,0
,1,10,100,10000,0,0
,1,10,100,10000,0,0
,1,10,100,10000,0,0
,1,10,100,10000,0,0
,1,10,100,10000,0,0
,1,10,100,10000,0,0
,1,10,100,10000,0,0
,1,10,100,10000,0,0
,1,10,100,10000,0,0
,1,10,100,10000,0,0
,1,10,100,10000,0,0
,1,10,100,10000,0,0
,1,10,100,10000,0,0
,1,10,100,10000,0,0
,1,10,100,10000,0,0
,1,10,100,10000,0,0
,1,10,100,10000,10743,4243
,1,10,100,10000,9989,6838
,1,10,100,10000,9895,4231
,1,10,100,10000,10561,7125
,1,10,100,10000,10439,2971
,1,10,100,10000,9261,6666
,1,10,100,10000,9796,2509
,1,10,100,10000,9523,7181
,1,10,100,10000,6479,1554
,1,10,100,10000,6251,5081
,1,10,100,10000,8824,1705
,1,10,100,10000,9086,6907
,1,10,100,10000,8016,2389
,1,10,100,10000,6383,4413
,1,10,100,10000,7401,2577
,1,10,100,10000,6852,4772
,1,10,100,10000,8591,2530
,1,10,100,10000,8560,5804
,1,10,100,10000,8499,2055
,1,10,100,10000,8826,6513
,1,10,100,10000,8895,2887
,1,10,100,10000,9517,6659
,1,10,100,10000,9814,3025
,1,10,100,10000,9756,6236
,1,10,100,10000,9995,3729
,1,10,100,10000,10222,5879
,1,10,100,10000,10031,4580
,1,10,100,10000,10035,5337
,1,10,100,10000,10007,4330
,1,10,100,10000,7842,3918
,1,10,100,10000,9839,4813
,1,10,100,10000,10307,4181
,1,10,100,10000,10183,5140
,1,10,100,10000,11904,4417
,1,10,100,10000,12558,7422
,1,10,100,10000,13296,4381
,1,10,100,10000,13653,7980
,1,10,100,10000,14634,5701
,1,10,100,10000,14944,8092
,1,10,100,10000,16939,7247
,1,10,100,10000,17472,9016
,1,10,100,10000,19004,7901
,1,10,100,10000,19267,10490
,1,10,100,10000,0,0
,1,10,100,10000,0,0
,1,10,100,10000,0,0
,1,10,100,10000,0,0
,1,10,100,10000,0,0
,1,10,100,10000,0,0
,1,10,100,10000,0,0
,1,10,100,10000,0,0
,1,10,100,10000,0,0
,1,10,100,10000,0,0
,1,10,100,10000,0,0
,1,10,100,10000,0,0
,1,10,100,10000,0,0
,1,10,100,10000,0,0
,1,10,100,10000,0,0
,1,10,100,10000,0,0
,1,10,100,10000,0,0
,1,10,100,10000,0,0
,1,10,100,10000,0,0
,1,10,100,10000,11248,4335
,1,10,100,10000,10580,7031
,1,10,100,10000,10411,4224
,1,10,100,10000,10443,7396
,1,10,100,10000,10155,2847
,1,10,100,10000,9477,7065
,1,10,100,10000,9298,2351
,1,10,100,10000,9050,6938
,1,10,100,10000,9165,2157
,1,10,100,10000,9163,6936
,1,10,100,10000,9494,2495
,1,10,100,10000,9511,7164
,1,10,100,10000,9471,1910
,1,10,100,10000,8869,6853
,1,10,100,10000,9073,1451
,1,10,100,10000,8772,7089
,1,10,100,10000,8901,2030
,1,10,100,10000,8820,7292
,1,10,100,10000,7866,1393
,1,10,100,10000,8509,6951
,1,10,100,10000,8714,1553
,1,10,100,10000,8176,6473
,1,10,100,10000,8026,1430
,1,10,100,10000,6438,5075
,1,10,100,10000,5504,1164
,1,10,100,10000,9026,7075
,1,10,100,10000,10029,1493
,1,10,100,10000,10407,8245
,1,10,100,10000,10375,1851
,1,10,100,10000,9324,6570
,1,10,100,10000,9002,2245
,1,10,100,10000,10170,7000
,1,10,100,10000,11036,2677
,1,10,100,10000,11921,8417
,1,10,100,10000,12050,2698
,1,10,100,10000,12533,8790
,1,10,100,10000,13044,3005
,1,10,100,10000,13554,9318
,1,10,100,10000,13566,3505
,1,10,100,10000,14927,10961
,1,10,100,10000,15115,3388
,1,10,100,10000,15534,11341
,1,10,100,10000,16230,4541
,1,10,100,10000,0,0
,1,10,100,10000,0,0
,1,10,100,10000,0,0
,1,10,100,10000,0,0
,1,10,100,10000,0,0
,1,10,100,10000,0,0
,1,10,100,10000,0,0
,1,10,100,10000,0,0
,1,10,100,10000,0,0
,1,10,100,10000,0,0
,1,10,100,10000,0,0
,1,10,100,10000,0,0
,1,10,100,10000,0,0
,1,10,100,10000,0,0
,1,10,100,10000,0,0
,1,10,100,10000,0,0
,1,10,100,10000,0,0
,1,10,100,10000,0,0
,1,10,100,10000,0,0
,1,10,100,10000,11307,4666
,1,10,100,10000,10847,7496
,1,10,100,10000,10688,4330
,1,10,100,10000,10675,7319
,1,10,100,10000,10517,3068
,1,10,100,10000,9959,7309
,1,10,100,10000,9552,2499
,1,10,100,10000,9047,6936
,1,10,100,10000,8528,3072
,1,10,100,10000,8238,5357
,1,10,100,10000,8199,2995
,1,10,100,10000,8463,6073
,1,10,100,10000,7661,3304
,1,10,100,10000,7230,4126
,1,10,100,10000,7855,3016
,1,10,100,10000,7435,5553
,1,10,100,10000,7831,3323
,1,10,100,10000,7962,5201
,1,10,100,10000,8031,3384
,1,10,100,10000,7994,5137
,1,10,100,10000,7958,3108
,1,10,100,10000,7306,4826
,1,10,100,10000,6672,2190
,1,10,100,10000,7189,4447
,1,10,100,10000,7381,2768
,1,10,100,10000,8190,4969
,1,10,100,10000,7982,2592
,1,10,100,10000,9111,5597
,1,10,100,10000,8928,2874
,1,10,100,10000,9608,5577
,1,10,100,10000,10389,3978
,1,10,100,10000,10519,5775
,1,10,100,10000,11367,4605
,1,10,100,10000,11273,6241
,1,10,100,10000,11347,3619
,1,10,100,10000,11778,6831
,1,10,100,10000,11890,3960
,1,10,100,10000,11707,6796
,1,10,100,10000,12940,4862
,1,10,100,10000,13544,7659
,1,10,100,10000,14265,5787
,1,10,100,10000,14329,7950
,1,10,100,10000,14813,6857
,1,10,100,10000,0,0
,1,10,100,10000,0,0
,1,10,100,10000,0,0
,1,10,100,10000,0,0
,1,10,100,10000,0,0
,1,10,100,10000,0,0
,1,10,100,10000,0,0
,1,10,100,10000,0,0
,1,10,100,10000,0,0
,1,10,100,10000,0,0
,1,10,100,10000,0,0
,1,10,100,10000,0,0
,1,10,100,10000,0,0
,1,10,100,10000,0,0
,1,10,100,10000,0,0
,1,10,100,10000,0,0
,1,10,100,10000,0,0
,1,10,100,10000,0,0
,1,10,100,10000,0,0
,1,10,100,10000,10965,4520
,1,10,100,10000,10391,6901
,1,10,100,10000,9978,4090
,1,10,100,10000,9960,6792
,1,10,100,10000,9415,3268
,1,10,100,10000,9474,5868
,1,10,100,10000,8853,3030
,1,10,100,10000,8961,6051
,1,10,100,10000,8944,2779
,1,10,100,10000,8562,5914
,1,10,100,10000,8070,3031
,1,10,100,10000,8122,5581
,1,10,100,10000,8274,2323
,1,10,100,10000,7919,5111
,1,10,100,10000,7596,2222
,1,10,100,10000,7840,5738
,1,10,100,10000,7753,2584
,1,10,100,10000,8820,5981
,1,10,100,10000,7725,2420
,1,10,100,10000,7277,5229
,1,10,100,10000,7317,2393
,1,10,100,10000,7578,4500
,1,10,100,10000,7507,2171
,1,10,100,10000,7708,5160
,1,10,100,10000,7950,2899
,1,10,100,10000,7656,4399
,1,10,100,10000,8389,3238
,1,10,100,10000,8296,4382
,1,10,100,10000,8507,3445
,1,10,100,10000,8614,3970
,1,10,100,10000,9651,4374
,1,10,100,10000,10228,4797
,1,10,100,10000,9689,4104
,1,10,100,10000,11345,5770
,1,10,100,10000,10577,5159
,1,10,100,10000,11545,4516
,1,10,100,10000,11485,6565
,1,10,100,10000,12134,3998
,1,10,100,10000,10656,6932
,1,10,100,10000,12637,3356
,1,10,100,10000,13636,8602
,1,10,100,10000,13334,3973
,1,10,100,10000,14503,7941
,1,10,100,10000,0,0
,1,10,100,10000,0,0
,1,10,100,10000,0,0
,1,10,100,10000,0,0
,1,10,100,10000,0,0
,1,10,100,10000,0,0
,1,10,100,10000,0,0
,1,10,100,10000,0,0
,1,10,100,10000,0,0
,1,10,100,10000,0,0
,1,10,100,10000,0,0
,1,10,100,10000,0,0
,1,10,100,10000,0,0
,1,10,100,10000,0,0
,1,10,100,10000,0,0
,1,10,100,10000,0,0
,1,10,100,10000,0,0
,1,10,100,10000,0,0
,1,10,100,10000,0,0
,1,10,100,10000,10344,3607
,1,10,100,10000,10108,6133
,1,10,100,10000,10387,3280
,1,10,100,10000,9910,5254
,1,10,100,10000,9734,3264
,1,10,100,10000,9033,5627
,1,10,100,10000,9197,2142
,1,10,100,10000,9177,4136
,1,10,100,10000,8743,3012
,1,10,100,10000,8516,5288
,1,10,100,10000,8457,1942
,1,10,100,10000,8376,4853
,1,10,100,10000,7912,1902
,1,10,100,10000,7971,5109
,1,10,100,10000,7708,1770
,1,10,100,10000,7840,5059
,1,10,100,10000,7537,1891
,1,10,100,10000,7687,5094
,1,10,100,10000,7573,1845
,1,10,100,10000,7308,4674
,1,10,100,10000,7393,2119
,1,10,100,10000,8149,5773
,1,10,100,10000,9081,2634
,1,10,100,10000,9637,5447
,1,10,100,10000,9842,3375
,1,10,100,10000,10169,6106
,1,10,100,10000,9963,4037
,1,10,100,10000,10265,5352
,1,10,100,10000,10406,4185
,1,10,100,10000,11124,6227
,1,10,100,10000,10784,4165
,1,10,100,10000,11473,6965
,1,10,100,10000,11711,4656
,1,10,100,10000,11848,6831
,1,10,100,10000,12693,5927
,1,10,100,10000,13029,5891
,1,10,100,10000,13144,7151
,1,10,100,10000,12219,5738
,1,10,100,10000,12144,6650
,1,10,100,10000,11458,4994
,1,10,100,10000,12728,6798
,1,10,100,10000,13168,6352
,1,10,100,10000,14761,6837
,1,10,100,10000,0,0
,1,10,100,10000,0,0
,1,10,100,10000,0,0
,1,10,100,10000,0,0
,1,10,100,10000,0,0
,1,10,100,10000,0,0
,1,10,100,10000,0,0
,1,10,100,10000,0,0
,1,10,100,10000,0,0
,1,10,100,10000,0,0
,1,10,100,10000,0,0
,1,10,100,10000,0,0
,1,10,100,10000,0,0
,1,10,100,10000,0,0
,1,10,100,10000,0,0
,1,10,100,10000,0,0
,1,10,100,10000,0,0
,1,10,100,10000,0,0
,1,10,100,10000,0,0
,1,10,100,10000,10476,3415
,1,10,100,10000,10834,6257
,1,10,100,10000,9104,3113
,1,10,100,10000,9917,5784
,1,10,100,10000,9236,2551
,1,10,100,10000,9380,6710
,1,10,100,10000,8807,1486
,1,10,100,10000,8326,6243
,1,10,100,10000,9008,2345
,1,10,100,10000,8075,5600
,1,10,100,10000,8729,1570
,1,10,100,10000,8148,4901
,1,10,100,10000,8256,1761
,1,10,100,10000,8042,5651
,1,10,100,10000,8251,1847
,1,10,100,10000,8137,5402
,1,10,100,10000,7889,1899
,1,10,100,10000,7531,5425
,1,10,100,10000,8197,2038
,1,10,100,10000,8196,4576
,1,10,100,10000,8486,3077
,1,10,100,10000,9129,4725
,1,10,100,10000,9399,3593
,1,10,100,10000,9150,4799
,1,10,100,10000,8354,3178
,1,10,100,10000,8557,5093
,1,10,100,10000,8680,3200
,1,10,100,10000,8957,4596
,1,10,100,10000,9522,3984
,1,10,100,10000,10281,4987
,1,10,100,10000,10597,5381
,1,10,100,10000,10919,3676
,1,10,100,10000,11410,6336
,1,10,100,10000,11766,4673
,1,10,100,10000,12566,6889
,1,10,100,10000,12309,5129
,1,10,100,10000,12409,6897
,1,10,100,10000,11762,4435
,1,10,100,10000,12915,7372
,1,10,100,10000,14905,7082
,1,10,100,10000,15045,7881
,1,10,100,10000,14790,7197
,1,10,100,10000,17897,8436
,1,10,100,10000,0,0
,1,10,100,10000,0,0
,1,10,100,10000,0,0
,1,10,100,10000,0,0
,1,10,100,10000,0,0
,1,10,100,10000,0,0
,1,10,100,10000,0,0
,1,10,100,10000,0,0
,1,10,100,10000,0,0
,1,10,100,10000,0,0
,1,10,100,10000,0,0
,1,10,100,10000,0,0
,1,10,100,10000,0,0
,1,10,100,10000,0,0
,1,10,100,10000,0,0
,1,10,100,10000,0,0
,1,10,100,10000,0,0
,1,10,100,10000,0,0
,1,10,100,10000,0,0
,1,10,100,10000,11110,4087
,1,10,100,10000,10237,5448
,1,10,100,10000,9990,3431
,1,10,100,10000,9437,5146
,1,10,100,10000,9869,3447
,1,10,100,10000,8209,5067
,1,10,100,10000,7158,1963
,1,10,100,10000,7267,3959
,1,10,100,10000,7460,2383
,1,10,100,10000,7969,4964
,1,10,100,10000,7176,1832
,1,10,100,10000,6065,3949
,1,10,100,10000,7186,2227
,1,10,100,10000,7236,4886
,1,10,100,10000,6995,2039
,1,10,100,10000,6733,4136
,1,10,100,10000,7787,2633
,1,10,100,10000,7557,4335
,1,10,100,10000,8841,2520
,1,10,100,10000,8744,5605
,1,10,100,10000,8640,2260
,1,10,100,10000,9002,6619
,1,10,100,10000,8991,1573
,1,10,100,10000,10066,7866
,1,10,100,10000,10260,1360
,1,10,100,10000,10276,8695
,1,10,100,10000,10204,831
,1,10,100,10000,9581,8352
,1,10,100,10000,9387,599
,1,10,100,10000,9271,8422
,1,10,100,10000,10771,570
,1,10,100,10000,9921,9402
,1,10,100,10000,0,0
,1,10,100,10000,10497,10154
,1,10,100,10000,11678,158
,1,10,100,10000,12146,11857
,1,10,100,10000,12441,146
,1,10,100,10000,13408,13174
,1,10,100,10000,13380,237
,1,10,100,10000,14053,13694
,1,10,100,10000,13867,389
,1,10,100,10000,14992,14302
,1,10,100,10000,15767,875
,1,10,100,10000,18375,16776
,1,10,100,10000,0,0
,1,10,100,10000,0,0
,1,10,100,10000,0,0
,1,10,100,10000,0,0
,1,10,100,10000,0,0
,1,10,100,10000,0,0
,1,10,100,10000,0,0
,1,10,100,10000,0,0
,1,10,100,10000,0,0
,1,10,100,10000,0,0
,1,10,100,10000,0,0
,1,10,100,10000,0,0
,1,10,100,10000,0,0
,1,10,100,10000,0,0
,1,10,100,10000,0,0
,1,10,100,10000,0,0
,1,10,100,10000,0,0
,1,10,100,10000,0,0
,1,10,100,10000,11209,4018
,1,10,100,10000,10762,6333
,1,10,100,10000,10118,3141
,1,10,100,10000,10024,5682
,1,10,100,10000,9593,3063
,1,10,100,10000,9350,5604
,1,10,100,10000,9212,2366
,1,10,100,10000,9124,4969
,1,10,100,10000,8664,1809
,1,10,100,10000,8571,6339
,1,10,100,10000,8992,1249
,1,10,100,10000,7421,6161
,1,10,100,10000,9751,1327
,1,10,100,10000,9637,7543
,1,10,100,10000,9947,1420
,1,10,100,10000,9668,6905
,1,10,100,10000,9573,1612
,1,10,100,10000,9104,6603
,1,10,100,10000,9031,1941
,1,10,100,10000,8642,4968
,1,10,100,10000,9106,2597
,1,10,100,10000,9169,5436
,1,10,100,10000,9641,2706
,1,10,100,10000,8322,4907
,1,10,100,10000,9567,2834
,1,10,100,10000,9662,5985
,1,10,100,10000,10161,3194
,1,10,100,10000,10741,6311
,1,10,100,10000,11466,3606
,1,10,100,10000,11449,6544
,1,10,100,10000,12153,3716
,1,10,100,10000,12893,7402
,1,10,100,10000,12857,3919
,1,10,100,10000,13743,9065
,1,10,100,10000,13783,3932
,1,10,100,10000,13994,9647
,1,10,100,10000,14376,4501
,1,10,100,10000,15002,9785
,1,10,100,10000,16023,5345
,1,10,100,10000,16197,10698
,1,10,100,10000,16034,4700
,1,10,100,10000,14045,9587
,1,10,100,10000,15826,4329
,1,10,100,10000,0,0
,1,10,100,10000,0,0
,1,10,100,10000,0,0
,1,10,100,10000,0,0
,1,10,100,10000,0,0
,1,10,100,10000,0,0
,1,10,100,10000,0,0
,1,10,100,10000,0,0
,1,10,100,10000,0,0
,1,10,100,10000,0,0
,1,10,100,10000,0,0
,1,10,100,10000,0,0
,1,10,100,10000,0,0
,1,10,100,10000,0,0
,1,10,100,10000,0,0
,1,10,100,10000,0,0
,1,10,100,10000,0,0
,1,10,100,10000,0,0
,1,10,100,10000,0,0
,1,10,100,10000,11237,3873
,1,10,100,10000,10410,5693
,1,10,100,10000,10763,3316
,1,10,100,10000,10563,6424
,1,10,100,10000,10254,3223
,1,10,100,10000,10226,6921
,1,10,100,10000,9796,2402
,1,10,100,10000,9469,5646
,1,10,100,10000,9484,2597
,1,10,100,10000,4756,2993
,1,10,100,10000,2017,614
,1,10,100,10000,2134,1297
,1,10,100,10000,2002,523
,1,10,100,10000,1926,1229
,1,10,100,10000,3631,821
,1,10,100,10000,7023,4363
,1,10,100,10000,6618,1786
,1,10,100,10000,6734,4490
,1,10,100,10000,8136,2135
,1,10,100,10000,8266,4947
,1,10,100,10000,8296,2424
,1,10,100,10000,8640,6125
,1,10,100,10000,5677,1329
,1,10,100,10000,7765,5290
,1,10,100,10000,7793,1766
,1,10,100,10000,7036,5080
,1,10,100,10000,8536,2201
,1,10,100,10000,8339,5427
,1,10,100,10000,8839,2540
,1,10,100,10000,6640,4154
,1,10,100,10000,10370,3908
,1,10,100,10000,9157,4783
,1,10,100,10000,7996,3344
,1,10,100,10000,9217,4788
,1,10,100,10000,10828,4384
,1,10,100,10000,11980,5803
,1,10,100,10000,14173,7425
,1,10,100,10000,15096,6865
,1,10,100,10000,12068,6938
,1,10,100,10000,15155,6707
,1,10,100,10000,14151,7514
,1,10,100,10000,11086,4566
,1,10,100,10000,11850,6567
,1,10,100,10000,0,0
,1,10,100,10000,0,0
,1,10,100,10000,0,0
,1,10,100,10000,0,0
,1,10,100,10000,0,0
,1,10,100,10000,0,0
,1,10,100,10000,0,0
,1,10,100,10000,0,0
,1,10,100,10000,0,0
,1,10,100,10000,0,0
,1,10,100,10000,0,0
,1,10,100,10000,0,0
,1,10,100,10000,0,0
,1,10,100,10000,0,0
,1,10,100,10000,0,0
,1,10,100,10000,0,0
,1,10,100,10000,0,0
,1,10,100,10000,0,0
